# blastp
# Iteration: 0
# Query: P24276.1 RecName: Full=Protein SSD1; AltName: Full=Protein SRK1 [Saccharomyces cerevisiae S288C]
# RID: BBWCMDV1016
# Database: nr
# Fields: query acc.ver, subject acc.ver, % identity, alignment length, mismatches, gap opens, q. start, q. end, s. start, s. end, evalue, bit score, % positives
# 406 hits found
P24276.1	NP_010579.1	100.000	1250	0	0	1	1250	1	1250	0.0	2208	100.00
P24276.1	QEU59880.1	60.210	1239	415	18	19	1248	7	1176	0.0	1296	74.01
P24276.1	NP_982470.1	61.736	1244	419	20	22	1249	17	1219	0.0	1294	74.68
P24276.1	XP_452671.1	60.129	1239	416	18	19	1248	7	1176	0.0	1292	73.93
P24276.1	XP_721868.2	47.722	1207	482	15	148	1248	109	1272	0.0	915	60.98
P24276.1	XP_721868.2	48.077	52	20	2	1	52	1	45	0.019	44.7	65.38
P24276.1	KHC85556.1	47.801	1205	480	15	148	1246	110	1271	0.0	914	61.00
P24276.1	KHC85556.1	77.273	22	5	0	31	52	25	46	0.20	41.2	90.91
P24276.1	XP_462426.1	47.117	1214	478	20	148	1248	131	1293	0.0	899	61.45
P24276.1	XP_462426.1	58.621	29	12	0	24	52	25	53	0.017	44.7	75.86
P24276.1	ODV97345.1	46.369	1253	476	23	158	1246	154	1374	0.0	894	59.78
P24276.1	ODV97345.1	72.414	29	6	1	24	52	43	69	0.015	45.1	82.76
P24276.1	QEL62934.1	46.934	1223	486	21	148	1246	104	1287	0.0	885	61.49
P24276.1	QEL62934.1	46.429	28	15	0	25	52	22	49	35	33.9	71.43
P24276.1	KND98760.2	46.852	1223	487	20	148	1246	60	1243	0.0	884	61.32
P24276.1	PSK78039.1	46.895	1224	486	21	148	1246	104	1288	0.0	884	61.44
P24276.1	PSK78039.1	46.429	28	15	0	25	52	22	49	35	33.9	71.43
P24276.1	PIS50475.1	46.934	1223	486	21	148	1246	104	1287	0.0	884	61.49
P24276.1	PIS50475.1	46.429	28	15	0	25	52	22	49	35	33.9	71.43
P24276.1	QEO24388.1	46.852	1223	487	21	148	1246	77	1260	0.0	884	61.41
P24276.1	QEO24388.1	46.429	28	15	0	25	52	22	49	33	33.9	71.43
P24276.1	XP_028889211.1	46.770	1223	488	20	148	1246	104	1287	0.0	882	61.32
P24276.1	XP_028889211.1	46.429	28	15	0	25	52	22	49	35	33.9	71.43
P24276.1	GBL52369.1	46.770	1223	488	20	148	1246	104	1287	0.0	882	61.24
P24276.1	GBL52369.1	46.429	28	15	0	25	52	22	49	34	33.9	71.43
P24276.1	XP_002491774.1	47.731	1146	476	22	148	1246	119	1188	0.0	854	61.78
P24276.1	XP_002491774.1	47.917	48	25	0	5	52	19	66	0.001	48.5	64.58
P24276.1	AOA66978.1	47.731	1146	476	22	148	1246	48	1117	0.0	853	61.78
P24276.1	XP_505385.1	41.699	1295	566	26	29	1246	29	1211	0.0	755	56.99
P24276.1	APA15448.1	42.258	1001	437	19	337	1246	451	1401	0.0	680	59.04
P24276.1	SMY19906.1	41.920	1021	458	21	304	1246	411	1374	0.0	666	58.77
P24276.1	SMY19906.1	56.522	23	10	0	31	53	16	38	19	34.7	82.61
P24276.1	XP_001590366.1	41.984	998	438	19	337	1243	406	1353	0.0	664	58.52
P24276.1	XP_001797133.1	42.685	998	428	22	337	1246	443	1384	0.0	659	58.52
P24276.1	ODQ70873.1	45.421	808	372	14	497	1246	497	1293	0.0	638	62.50
P24276.1	ODQ70873.1	83.333	60	10	0	337	396	399	458	2.31e-22	109	90.00
P24276.1	EEH08335.1	46.163	834	374	16	337	1139	455	1244	0.0	635	63.07
P24276.1	EEH08335.1	36.735	49	31	0	1198	1246	1364	1412	1.41e-04	51.6	71.43
P24276.1	EEH08335.1	63.636	22	8	0	29	50	12	33	44	33.5	86.36
P24276.1	XP_001243079.2	47.023	823	365	15	337	1131	433	1212	0.0	629	63.30
P24276.1	XP_001243079.2	36.735	49	31	0	1198	1246	1331	1379	8.25e-05	52.4	75.51
P24276.1	XP_001243079.2	65.000	20	7	0	31	50	15	34	65	33.1	90.00
P24276.1	XP_752507.1	44.324	828	385	16	337	1131	426	1210	0.0	627	61.84
P24276.1	XP_752507.1	31.507	73	46	1	1178	1246	1304	1376	5.50e-05	53.1	64.38
P24276.1	XP_752507.1	60.000	25	10	0	29	53	13	37	6.5	36.2	80.00
P24276.1	XP_961563.2	44.352	841	382	15	337	1142	416	1205	0.0	595	60.52
P24276.1	XP_961563.2	29.487	78	53	1	1171	1246	1286	1363	3.30e-05	53.5	61.54
P24276.1	XP_961563.2	53.333	30	12	1	21	48	5	34	92	32.7	70.00
P24276.1	ODV91698.1	43.077	780	347	13	497	1247	399	1110	0.0	587	58.33
P24276.1	ODV91698.1	42.748	262	98	10	151	396	131	356	1.96e-26	122	53.05
P24276.1	XP_658762.1	44.068	826	385	16	337	1131	428	1207	0.0	585	60.65
P24276.1	XP_658762.1	36.207	58	37	0	1189	1246	1315	1372	2.96e-05	53.9	67.24
P24276.1	XP_658762.1	60.000	25	10	0	29	53	13	37	6.0	36.6	80.00
P24276.1	XP_011326696.1	40.024	842	404	17	493	1246	416	1244	0.0	574	58.43
P24276.1	XP_011326696.1	58.824	85	34	1	313	396	276	360	5.22e-20	102	72.94
P24276.1	CEF83359.1	40.024	842	404	17	493	1246	535	1363	0.0	574	58.43
P24276.1	CEF83359.1	58.824	85	34	1	313	396	395	479	4.94e-20	102	72.94
P24276.1	EYB23789.1	40.024	842	404	17	493	1246	534	1362	0.0	574	58.43
P24276.1	EYB23789.1	58.824	85	34	1	313	396	394	478	4.94e-20	102	72.94
P24276.1	XP_019020799.1	38.249	834	431	16	489	1247	475	1299	7.79e-165	530	56.12
P24276.1	XP_019020799.1	76.667	60	13	1	337	396	377	435	1.12e-19	100	91.67
P24276.1	XP_019020799.1	50.000	28	14	0	25	52	7	34	3.0	37.4	78.57
P24276.1	CRL22673.1	44.294	666	332	11	498	1131	554	1212	1.10e-164	531	62.91
P24276.1	CRL22673.1	76.667	60	13	1	337	396	431	489	1.30e-19	100	90.00
P24276.1	CRL22673.1	34.483	58	38	0	1189	1246	1320	1377	1.43e-04	51.6	68.97
P24276.1	CRL22673.1	48.571	35	16	1	21	53	3	37	12	35.4	62.86
P24276.1	ORY78509.1	37.453	793	435	17	496	1248	419	1190	1.55e-161	518	55.49
P24276.1	ORY78509.1	78.333	60	12	1	337	396	323	381	8.61e-20	101	90.00
P24276.1	GAO51867.1	42.206	680	343	12	489	1127	453	1123	7.58e-157	509	60.00
P24276.1	GAO51867.1	76.667	60	13	1	337	396	355	413	1.35e-19	100	91.67
P24276.1	XP_002839150.1	43.472	651	317	12	520	1131	551	1189	2.50e-152	498	61.75
P24276.1	XP_002839150.1	77.049	61	13	1	337	396	433	493	4.86e-20	102	90.16
P24276.1	XP_002839150.1	40.816	49	29	0	1198	1246	1317	1365	1.63e-05	54.7	69.39
P24276.1	XP_002839150.1	53.125	32	12	1	22	53	10	38	7.6	36.2	68.75
P24276.1	XP_003324138.1	36.070	804	431	17	507	1246	636	1420	3.99e-146	482	54.98
P24276.1	XP_003324138.1	76.667	60	13	1	337	396	532	590	1.44e-19	100	91.67
P24276.1	XP_011387156.1	36.352	784	433	20	507	1246	640	1401	5.18e-139	462	55.99
P24276.1	XP_011387156.1	60.000	60	23	1	337	396	542	600	2.32e-14	83.6	81.67
P24276.1	XP_007329347.1	36.000	775	432	17	516	1246	497	1251	1.57e-137	455	55.35
P24276.1	XP_007329347.1	76.667	60	13	1	337	396	387	445	2.24e-19	100	90.00
P24276.1	EGO01908.1	33.000	800	450	18	516	1249	377	1156	2.48e-128	428	54.25
P24276.1	EGO01908.1	76.667	60	13	1	337	396	265	323	2.07e-19	100	90.00
P24276.1	XP_012050922.1	33.677	775	447	11	510	1246	923	1668	6.37e-128	436	51.61
P24276.1	XP_012050922.1	80.000	60	11	1	337	396	817	875	3.83e-21	105	91.67
P24276.1	RIB17962.1	37.858	663	357	13	516	1130	589	1244	6.38e-128	432	56.56
P24276.1	RIB17962.1	73.333	60	15	1	337	396	482	540	7.94e-19	98.2	93.33
P24276.1	XP_012051195.1	37.539	642	359	8	510	1116	923	1557	6.64e-127	432	54.83
P24276.1	XP_012051195.1	80.000	60	11	1	337	396	817	875	4.07e-21	105	91.67
P24276.1	EXX74607.1	38.253	664	339	17	520	1127	597	1245	7.82e-122	415	54.67
P24276.1	EXX74607.1	71.667	60	16	1	337	396	486	544	1.46e-18	97.4	91.67
P24276.1	EXX74608.1	38.009	663	342	16	520	1127	589	1237	9.60e-122	415	54.75
P24276.1	EXX74608.1	71.667	60	16	1	337	396	478	536	1.48e-18	97.4	91.67
P24276.1	OAQ31519.1	35.647	634	367	12	505	1116	98	712	1.10e-108	366	56.15
P24276.1	OAQ31519.1	48.387	62	30	1	337	396	10	71	2.96e-09	66.6	70.97
P24276.1	CDH58442.1	35.088	627	364	15	533	1124	490	1108	6.29e-104	362	55.66
P24276.1	CDH58442.1	58.333	60	24	1	337	396	374	432	1.91e-11	73.9	78.33
P24276.1	XP_021880184.1	34.597	633	379	11	505	1116	612	1230	1.07e-103	363	55.45
P24276.1	XP_021880184.1	48.387	62	30	1	337	396	525	586	4.38e-09	66.2	70.97
P24276.1	O74454.1	35.138	831	412	21	337	1119	283	1034	1.50e-101	352	50.78
P24276.1	XP_018288856.1	34.992	623	370	13	527	1127	115	724	2.80e-101	347	53.93
P24276.1	XP_018288856.1	56.667	60	25	1	337	396	2	60	9.72e-11	71.6	75.00
P24276.1	CDH53421.1	34.851	637	353	16	533	1124	515	1134	3.60e-98	345	52.12
P24276.1	CDH53421.1	56.667	60	25	1	337	396	399	457	4.64e-11	72.8	76.67
P24276.1	OBZ85465.1	34.123	633	370	12	508	1119	281	887	4.60e-98	340	51.66
P24276.1	OBZ85465.1	55.000	60	26	1	337	396	187	245	8.22e-10	68.6	73.33
P24276.1	OAQ23985.1	33.863	629	375	13	512	1116	653	1264	9.41e-98	347	56.44
P24276.1	OAQ23985.1	48.387	62	30	1	337	396	559	620	3.09e-09	67.0	70.97
P24276.1	EPB83540.1	34.713	628	368	12	528	1124	401	1017	1.66e-95	336	52.23
P24276.1	EPB83540.1	56.667	60	26	0	337	396	288	347	6.74e-11	72.4	71.67
P24276.1	XP_018299381.1	33.939	660	381	14	507	1126	666	1310	2.16e-95	341	51.82
P24276.1	XP_018299381.1	50.000	72	35	1	325	396	561	631	3.92e-11	73.2	73.61
P24276.1	OBZ81863.1	30.446	785	460	17	533	1246	470	1239	1.06e-94	335	49.43
P24276.1	OBZ81863.1	55.000	60	26	1	337	396	354	412	3.46e-10	70.1	73.33
P24276.1	OBZ88622.1	31.545	764	460	16	528	1246	379	1124	1.74e-94	333	49.35
P24276.1	OBZ88622.1	55.000	60	27	0	337	396	266	325	1.09e-10	71.6	71.67
P24276.1	CDH60523.1	33.443	607	375	11	534	1120	563	1160	1.83e-94	335	54.04
P24276.1	CDH60523.1	40.000	60	35	1	337	396	423	481	0.002	48.1	65.00
P24276.1	EIE84692.1	34.295	624	368	14	528	1124	351	959	6.29e-94	330	52.88
P24276.1	EIE84692.1	55.000	60	27	0	337	396	238	297	1.55e-10	71.2	73.33
P24276.1	EIE78579.1	33.333	627	372	14	536	1124	491	1109	4.02e-93	331	52.95
P24276.1	EIE78579.1	56.667	60	25	1	337	396	372	430	3.48e-10	70.1	73.33
P24276.1	EPB85527.1	34.321	641	371	14	508	1119	74	693	1.73e-92	321	51.17
P24276.1	EPB85527.1	68.421	38	11	1	359	396	2	38	1.69e-06	57.8	86.84
P24276.1	EXX74609.1	37.455	550	274	16	520	1014	597	1131	2.49e-92	327	53.45
P24276.1	EXX74609.1	71.667	60	16	1	337	396	486	544	1.27e-18	97.4	91.67
P24276.1	EPB91856.1	29.229	804	485	16	517	1246	483	1276	8.64e-92	328	48.63
P24276.1	EPB91856.1	55.000	60	26	1	337	396	382	440	9.55e-10	68.6	71.67
P24276.1	OBZ90828.1	32.043	646	387	14	532	1137	534	1167	9.88e-91	324	50.93
P24276.1	OBZ90828.1	46.429	56	29	1	341	396	433	487	1.05e-05	55.5	67.86
P24276.1	CDH59155.1	32.143	644	395	10	507	1123	444	1072	6.74e-90	321	52.17
P24276.1	CDH59155.1	56.667	60	25	1	337	396	351	409	4.83e-11	72.8	81.67
P24276.1	XP_001728646.1	32.340	671	401	16	484	1126	304	949	8.37e-90	318	50.37
P24276.1	XP_001728646.1	65.000	60	20	1	337	396	212	270	1.29e-12	77.8	81.67
P24276.1	XP_018295507.1	31.797	629	394	11	519	1121	111	730	4.00e-89	312	51.99
P24276.1	XP_018295507.1	55.000	60	26	1	337	396	9	67	1.95e-10	70.5	75.00
P24276.1	CDH57086.1	33.816	621	367	16	533	1124	514	1119	1.33e-88	318	53.14
P24276.1	CDH57086.1	56.667	60	25	1	337	396	398	456	1.07e-11	75.1	78.33
P24276.1	CDH57087.1	33.816	621	367	16	533	1124	513	1118	1.35e-88	318	53.14
P24276.1	CDH57087.1	56.667	60	25	1	337	396	397	455	1.07e-11	75.1	78.33
P24276.1	EPB92428.1	28.996	807	456	21	499	1247	100	847	9.34e-88	308	47.09
P24276.1	EPB92428.1	46.429	56	29	1	341	396	26	80	7.04e-05	52.4	66.07
P24276.1	EIE90034.1	34.032	620	375	14	528	1124	383	991	3.01e-86	309	51.45
P24276.1	EIE90034.1	55.000	60	27	0	337	396	270	329	9.21e-11	72.0	75.00
P24276.1	XP_018293059.1	31.424	611	385	13	529	1120	99	694	4.95e-85	297	52.21
P24276.1	XP_018293059.1	37.288	59	36	1	338	396	1	58	1.31e-04	51.6	71.19
P24276.1	O94525.1	29.860	643	424	8	489	1117	397	1026	3.67e-83	301	48.99
P24276.1	O94525.1	62.712	59	21	1	338	396	289	346	4.46e-14	82.8	79.66
P24276.1	XP_018297613.1	28.205	741	461	17	534	1246	173	870	4.27e-83	296	49.26
P24276.1	XP_018297613.1	50.000	60	29	1	337	396	60	118	1.43e-10	71.2	78.33
P24276.1	EIE79534.1	27.376	789	458	19	527	1247	427	1168	2.21e-81	296	47.28
P24276.1	EIE79534.1	44.444	54	27	2	343	396	342	392	0.001	48.5	68.52
P24276.1	EIE86185.1	31.605	617	369	14	507	1117	199	768	1.32e-80	287	49.43
P24276.1	EIE86185.1	53.333	60	27	1	337	396	106	164	3.59e-09	66.6	78.33
P24276.1	XP_002173060.2	31.268	694	404	16	476	1119	402	1072	7.31e-80	290	48.27
P24276.1	XP_002173060.2	56.818	88	33	2	313	396	288	374	1.04e-19	100	71.59
P24276.1	XP_016610762.1	31.331	616	376	14	541	1117	685	1292	1.86e-79	292	49.51
P24276.1	XP_016610762.1	41.667	60	34	1	337	396	556	614	1.20e-05	55.1	68.33
P24276.1	XP_002174298.2	30.220	728	442	19	497	1180	395	1100	8.37e-78	285	47.66
P24276.1	XP_002174298.2	59.322	59	23	1	338	396	279	336	2.72e-13	80.1	81.36
P24276.1	EPB81809.1	29.919	615	392	12	535	1120	241	845	1.01e-75	276	48.94
P24276.1	EPB81809.1	45.000	60	31	2	337	396	106	163	2.41e-04	50.8	65.00
P24276.1	OBZ83463.1	30.844	616	370	14	536	1119	229	820	2.18e-72	265	48.86
P24276.1	EIE87097.1	29.822	617	367	13	527	1120	201	774	2.15e-71	262	48.46
P24276.1	EIE87097.1	40.000	60	34	2	337	396	88	145	0.003	47.4	65.00
P24276.1	ORY51419.1	29.606	635	381	15	541	1119	489	1113	2.84e-68	257	46.93
P24276.1	ORY51419.1	33.333	99	65	1	298	396	319	416	0.002	47.8	51.52
P24276.1	CDH55297.1	29.951	611	388	13	536	1120	455	1051	2.58e-67	253	48.45
P24276.1	CDH55297.1	29.412	102	54	3	295	396	309	392	0.002	48.1	50.98
P24276.1	CDH60623.1	27.575	602	383	15	537	1117	293	862	7.99e-59	225	46.51
P24276.1	CDH60622.1	27.575	602	383	15	537	1117	300	869	8.72e-59	225	46.51
P24276.1	OBZ83949.1	29.319	573	368	15	535	1096	296	842	4.23e-57	219	49.04
P24276.1	OBZ83949.1	36.667	60	37	1	337	396	170	228	0.021	44.3	65.00
P24276.1	EPB90552.1	26.954	627	413	15	519	1116	392	1002	4.32e-55	214	47.37
P24276.1	EPB90552.1	38.333	60	36	1	337	396	277	335	0.13	42.0	60.00
P24276.1	XP_004367466.1	27.863	585	362	13	582	1117	494	1067	6.75e-55	215	45.81
P24276.1	XP_030837613.1	28.242	563	349	14	576	1102	513	1056	1.73e-54	213	46.71
P24276.1	XP_030837613.1	38.596	57	32	2	341	396	260	314	0.082	42.4	64.91
P24276.1	XP_030842557.1	28.242	563	349	14	576	1102	513	1056	7.40e-54	211	46.54
P24276.1	XP_030842557.1	38.596	57	32	2	341	396	260	314	0.085	42.4	64.91
P24276.1	XP_021877244.1	39.831	236	141	1	882	1116	93	328	2.44e-52	196	61.44
P24276.1	XP_006676968.1	26.100	659	426	19	502	1117	317	957	2.34e-50	199	45.68
P24276.1	XP_006676968.1	42.373	59	34	0	338	396	237	295	1.50e-05	54.7	62.71
P24276.1	ORY85672.1	28.319	565	346	14	583	1097	562	1117	3.82e-50	199	46.90
P24276.1	KNE56473.1	26.424	632	371	17	540	1100	514	1122	4.04e-50	199	43.67
P24276.1	KNE56473.1	38.776	49	26	1	352	396	382	430	43	33.5	63.27
P24276.1	NP_689596.4	27.184	618	384	17	540	1118	232	822	2.79e-48	191	44.66
P24276.1	XP_004343707.2	25.487	616	377	15	582	1124	590	1196	4.57e-46	186	44.32
P24276.1	XP_004343707.2	35.714	56	35	1	341	396	337	391	0.13	42.0	62.50
P24276.1	O14040.1	26.263	594	375	14	541	1093	295	866	5.21e-46	185	46.13
P24276.1	KNE54823.1	25.275	637	382	16	540	1106	518	1130	1.88e-45	184	42.54
P24276.1	4RO1_A	26.263	594	375	14	541	1093	132	703	6.02e-45	180	45.96
P24276.1	EIE80403.1	35.254	295	173	7	520	806	79	363	2.90e-43	169	53.22
P24276.1	EIE80403.1	43.182	44	24	1	353	396	1	43	4.6	36.6	68.18
P24276.1	NP_498160.2	26.494	619	378	15	541	1116	197	781	3.34e-43	175	45.07
P24276.1	NP_498160.2	28.333	60	41	2	338	396	62	120	46	33.5	53.33
P24276.1	PIA17543.1	24.922	638	404	12	527	1098	114	742	1.01e-41	171	41.69
P24276.1	CDH51568.1	28.224	535	340	17	594	1090	376	904	1.30e-41	171	46.17
P24276.1	XP_004996997.1	26.339	691	433	23	514	1168	295	945	4.48e-41	170	43.27
P24276.1	AAK93574.1	27.242	591	363	20	541	1111	350	893	2.30e-40	167	45.52
P24276.1	EAW70990.1	27.273	550	340	15	540	1052	232	758	3.44e-40	166	44.00
P24276.1	OBZ89871.1	27.407	540	341	14	579	1094	353	865	5.18e-40	166	44.44
P24276.1	CDH60378.1	26.692	532	355	12	584	1099	369	881	5.62e-40	166	44.36
P24276.1	AFI71920.1	27.242	591	363	21	541	1111	373	916	6.48e-40	166	46.02
P24276.1	PIA16743.1	27.850	535	338	17	594	1089	170	695	6.71e-40	165	44.86
P24276.1	NP_001262910.1	27.073	591	364	20	541	1111	350	893	6.98e-40	166	45.52
P24276.1	KXN68223.1	26.316	589	388	17	538	1093	655	1230	7.25e-40	166	44.99
P24276.1	EPB82799.1	25.894	587	362	17	531	1094	338	874	1.34e-39	165	44.12
P24276.1	XP_002175003.1	25.405	618	405	16	543	1122	214	813	7.13e-39	162	44.17
P24276.1	XP_018291713.1	26.372	565	377	13	552	1094	335	882	1.39e-38	161	44.60
P24276.1	ORX43377.1	26.381	561	349	16	584	1100	811	1351	2.85e-37	158	45.99
P24276.1	ORX43377.1	36.923	65	35	1	580	638	587	651	0.007	46.2	53.85
P24276.1	XP_629050.1	24.650	572	387	11	540	1094	334	878	4.70e-37	157	43.01
P24276.1	OAQ29610.1	26.993	552	348	15	608	1107	393	941	6.29e-37	157	43.66
P24276.1	KNE63777.1	26.552	580	374	17	538	1097	340	887	7.20e-37	156	43.79
P24276.1	OAQ32362.1	26.766	538	349	15	578	1095	365	877	8.11e-37	156	45.35
P24276.1	XP_016612102.1	25.981	535	351	14	580	1094	369	878	1.52e-36	155	45.79
P24276.1	ORY87156.1	25.355	564	372	14	580	1119	384	922	1.83e-36	155	43.62
P24276.1	XP_021883468.1	28.175	504	315	16	617	1095	410	891	1.90e-36	154	45.63
P24276.1	PIA18366.1	26.384	542	348	14	578	1094	374	889	3.15e-36	154	43.91
P24276.1	OBZ91583.1	26.990	515	331	16	617	1094	216	722	5.76e-36	152	45.44
P24276.1	XP_004347431.1	25.464	593	385	16	532	1094	393	958	5.86e-36	154	43.51
P24276.1	CAC35051.1	26.689	592	366	21	541	1111	350	894	6.10e-36	153	44.43
P24276.1	XP_020429451.1	25.730	548	350	15	586	1094	456	985	1.27e-35	152	45.07
P24276.1	ORY24609.1	25.248	606	389	16	511	1096	318	879	1.35e-35	152	44.88
P24276.1	KNE71922.1	25.452	609	398	17	513	1097	307	883	1.40e-35	152	42.53
P24276.1	ORX84255.1	26.271	590	383	17	527	1096	334	891	1.48e-35	152	45.93
P24276.1	XP_021883488.1	27.985	536	313	18	617	1094	401	921	1.49e-35	152	44.22
P24276.1	XP_020435989.1	25.874	572	362	12	576	1098	638	1196	1.76e-35	152	42.31
P24276.1	XP_020435989.1	35.000	60	38	1	337	396	358	416	2.3	37.7	56.67
P24276.1	XP_001744179.1	25.524	572	374	15	541	1096	324	859	1.86e-35	151	43.01
P24276.1	XP_018298524.1	27.656	546	326	20	586	1108	300	799	2.58e-35	151	43.77
P24276.1	ORY24922.1	25.801	562	349	14	584	1098	111	651	2.79e-35	150	43.06
P24276.1	RIB08808.1	27.950	483	312	12	586	1050	362	826	5.09e-35	149	45.34
P24276.1	EXX59222.1	27.290	524	346	12	586	1094	376	879	1.14e-34	149	43.70
P24276.1	KXN68087.1	25.249	602	395	16	519	1094	302	874	1.22e-34	149	44.19
P24276.1	ORY27235.1	26.534	554	353	20	588	1102	7	545	1.40e-34	148	46.21
P24276.1	XP_004996901.1	26.259	556	346	16	580	1090	424	960	1.87e-34	148	43.35
P24276.1	XP_004996901.1	37.288	59	37	0	338	396	199	257	0.20	41.2	49.15
P24276.1	CAH56266.1	25.365	548	359	15	584	1104	373	897	1.90e-34	148	45.07
P24276.1	CAB45749.1	25.365	548	359	15	584	1104	47	571	1.92e-34	146	44.89
P24276.1	XP_006679077.1	26.589	598	394	18	512	1093	311	879	2.06e-34	148	43.98
P24276.1	BAF92610.1	25.365	548	359	15	584	1104	373	897	2.40e-34	148	44.89
P24276.1	BAA76852.3	25.365	548	359	15	584	1104	343	867	2.41e-34	148	44.89
P24276.1	NP_001121698.1	25.365	548	359	15	584	1104	343	867	2.41e-34	148	44.89
P24276.1	NP_055768.3	25.365	548	359	15	584	1104	373	897	2.48e-34	148	44.89
P24276.1	AAH56143.1	25.365	548	359	15	584	1104	373	897	2.48e-34	148	44.89
P24276.1	AAL37479.1	25.365	548	359	15	584	1104	373	897	2.52e-34	148	44.89
P24276.1	NP_501835.2	26.151	543	324	16	584	1090	382	883	3.05e-34	147	44.38
P24276.1	NP_001309277.1	25.365	548	359	15	584	1104	250	774	3.43e-34	147	44.89
P24276.1	6H25_J	25.365	548	359	15	584	1104	377	901	3.72e-34	147	44.71
P24276.1	EAW80518.1	25.365	548	359	15	584	1104	109	633	4.02e-34	145	44.89
P24276.1	XP_001744174.1	25.258	582	375	18	540	1090	22	574	4.05e-34	144	42.78
P24276.1	XP_004367379.1	23.234	538	359	13	586	1094	468	980	4.43e-34	147	45.17
P24276.1	ORX43308.1	25.430	582	380	16	536	1096	343	891	4.49e-34	147	45.19
P24276.1	6D6Q_K	25.365	548	359	15	584	1104	375	899	4.56e-34	147	44.71
P24276.1	NP_001309278.1	25.365	548	359	15	584	1104	211	735	5.67e-34	146	44.89
P24276.1	AAH38101.1	25.365	548	359	15	584	1104	211	735	5.72e-34	146	44.89
P24276.1	BAB85541.1	25.405	618	395	17	517	1090	196	791	1.74e-33	145	42.72
P24276.1	ORX85520.1	25.719	556	359	15	584	1100	790	1330	1.80e-33	146	44.42
P24276.1	ORX85520.1	27.660	94	53	4	584	671	567	651	2.5	37.7	50.00
P24276.1	NP_001310866.1	25.405	618	395	17	517	1090	177	772	1.90e-33	145	42.72
P24276.1	RKP20466.1	24.476	572	377	15	540	1093	238	772	2.01e-33	144	44.06
P24276.1	NP_001310867.1	25.405	618	395	17	517	1090	169	764	2.03e-33	145	42.72
P24276.1	NP_001310865.1	25.405	618	395	17	517	1090	220	815	2.09e-33	145	42.72
P24276.1	XP_003290482.1	25.752	532	348	15	583	1094	368	872	3.19e-33	144	44.92
P24276.1	NP_001310877.1	25.405	618	395	17	517	1090	243	838	3.53e-33	144	42.72
P24276.1	NP_001310873.1	25.405	618	395	17	517	1090	286	881	4.32e-33	144	42.72
P24276.1	OIR58338.1	25.703	498	334	13	615	1093	335	815	4.69e-33	143	44.38
P24276.1	NP_001137160.1	25.405	618	395	17	517	1090	303	898	4.95e-33	144	42.72
P24276.1	XP_030832821.1	26.486	555	340	13	586	1094	362	894	6.71e-33	143	42.16
P24276.1	XP_001597366.1	24.731	558	369	15	582	1113	420	952	9.08e-33	143	42.47
P24276.1	XP_002838419.1	24.149	646	431	18	525	1141	329	944	9.38e-33	143	42.11
P24276.1	EPZ33168.1	24.301	572	378	15	540	1093	330	864	9.74e-33	142	43.88
P24276.1	P37202.1	25.323	541	363	13	578	1098	390	909	1.02e-32	142	44.55
P24276.1	ODV96234.1	26.421	598	387	22	541	1114	374	942	1.43e-32	142	44.65
P24276.1	NP_728490.1	22.917	576	395	15	543	1088	424	980	1.46e-32	142	44.97
P24276.1	NP_612012.1	22.917	576	395	15	543	1088	412	968	1.61e-32	142	44.97
P24276.1	ORX48176.1	27.729	458	267	13	586	1010	248	674	1.67e-32	142	45.20
P24276.1	AAT94466.1	22.917	576	395	15	543	1088	424	980	1.68e-32	142	44.79
P24276.1	XP_001805194.1	24.472	568	380	14	572	1114	420	963	2.57e-32	141	42.78
P24276.1	XP_003293834.1	23.835	558	353	16	586	1093	451	986	2.97e-32	142	44.62
P24276.1	NP_014621.1	24.633	613	406	15	513	1098	361	944	6.25e-32	140	41.76
P24276.1	XP_019027114.1	26.050	595	369	20	531	1094	373	927	6.28e-32	140	43.87
P24276.1	XP_002493284.1	24.837	612	395	18	512	1093	322	898	6.88e-32	140	43.46
P24276.1	5C0W_J	24.633	613	406	15	513	1098	364	947	8.41e-32	140	41.60
P24276.1	4IFD_J	24.633	613	406	15	513	1098	363	946	9.55e-32	139	41.60
P24276.1	5JEA_J	24.633	613	406	15	513	1098	365	948	9.91e-32	139	41.60
P24276.1	5K36_K	24.633	613	406	15	513	1098	363	946	1.09e-31	139	41.60
P24276.1	XP_002175127.1	25.133	565	374	16	573	1112	386	926	1.12e-31	139	43.01
P24276.1	NP_001310869.1	26.223	511	334	11	618	1090	23	528	1.17e-31	138	43.25
P24276.1	ODQ71950.1	26.157	497	340	13	615	1094	438	924	1.82e-31	139	45.47
P24276.1	XP_011390175.1	24.596	557	363	17	586	1109	433	965	2.10e-31	139	42.91
P24276.1	XP_963787.2	25.379	528	347	15	586	1090	416	919	2.38e-31	138	43.75
P24276.1	XP_451472.1	25.232	539	353	14	588	1098	436	952	6.98e-31	137	43.23
P24276.1	XP_647622.1	24.564	574	346	16	586	1093	613	1165	7.42e-31	137	42.68
P24276.1	XP_503507.1	24.910	554	370	14	571	1098	404	937	9.67e-31	136	42.42
P24276.1	ORX81012.1	27.778	450	277	13	586	1010	382	808	1.04e-30	136	46.67
P24276.1	QEU58691.1	25.046	539	354	14	588	1098	436	952	1.40e-30	136	43.23
P24276.1	XP_003307080.2	25.853	557	362	14	586	1107	469	1009	1.54e-30	136	41.47
P24276.1	XP_649075.1	24.861	539	345	15	584	1097	346	849	2.34e-30	135	45.64
P24276.1	XP_012049211.1	25.564	532	357	16	586	1093	423	939	4.45e-30	134	43.61
P24276.1	NP_984830.1	25.465	538	343	15	588	1093	425	936	1.48e-29	132	43.12
P24276.1	XP_005254203.1	26.128	532	340	14	517	1014	303	815	1.61e-29	132	43.61
P24276.1	EGN94814.1	24.494	543	379	14	570	1093	401	931	5.11e-29	130	41.62
P24276.1	XP_751606.1	24.590	549	363	16	586	1100	422	953	8.17e-29	130	41.89
P24276.1	XP_661261.1	24.413	639	405	21	512	1100	326	936	8.47e-29	130	41.94
P24276.1	XP_001243197.1	24.824	709	439	23	488	1143	325	992	2.41e-28	129	39.92
P24276.1	XP_007334414.1	24.860	535	357	16	586	1093	417	933	2.88e-28	128	42.43
P24276.1	SMY20547.1	23.397	577	376	14	574	1115	411	956	2.92e-28	128	42.29
P24276.1	ORY36765.1	27.389	471	277	17	577	1010	360	802	5.01e-28	127	45.44
P24276.1	ODV92280.1	26.696	457	306	11	586	1027	386	828	5.54e-28	127	43.98
P24276.1	PIS52301.1	26.118	559	358	16	559	1090	383	913	7.08e-28	127	41.32
P24276.1	QEO21715.1	26.118	559	358	16	559	1090	383	913	7.78e-28	127	41.32
P24276.1	XP_028891319.1	26.118	559	358	16	559	1090	383	913	8.05e-28	127	41.32
P24276.1	PSK79288.1	26.118	559	358	16	559	1090	383	913	8.19e-28	127	41.32
P24276.1	EEH07176.1	23.493	647	413	20	536	1127	378	997	1.46e-27	126	40.49
P24276.1	AAH14124.2	25.761	493	323	11	636	1090	1	488	1.57e-27	124	43.00
P24276.1	NP_597581.1	26.667	465	262	16	586	1021	291	705	2.31e-27	125	43.87
P24276.1	XP_461958.2	25.000	504	344	14	617	1098	466	957	2.68e-27	125	43.65
P24276.1	CRL23579.1	24.599	561	356	17	582	1100	418	953	2.86e-27	125	40.64
P24276.1	XP_020435076.1	23.901	523	335	11	584	1094	383	854	6.15e-27	124	42.26
P24276.1	KJE93202.1	25.164	608	330	19	586	1094	543	1124	1.49e-26	123	38.98
P24276.1	XP_004347849.2	25.164	608	330	19	586	1094	553	1134	1.61e-26	123	38.98
P24276.1	XP_001732306.1	23.133	549	374	14	579	1090	342	879	1.72e-26	122	41.17
P24276.1	XP_011316956.1	23.756	623	378	19	536	1112	372	943	4.58e-26	121	40.29
P24276.1	EEQ82259.1	25.912	521	323	21	515	1014	242	720	9.21e-26	120	45.49
P24276.1	XP_009495003.1	23.929	560	368	13	580	1105	341	876	9.47e-26	120	42.32
P24276.1	PCD22650.1	23.248	585	386	16	559	1112	391	943	1.22e-25	120	41.03
P24276.1	EYB22133.1	23.500	600	366	18	559	1112	391	943	1.57e-25	119	40.50
P24276.1	XP_641919.1	30.588	255	157	5	882	1121	1047	1296	4.55e-25	118	50.20
P24276.1	XP_030836972.1	25.562	489	317	16	584	1050	371	834	1.41e-24	116	43.56
P24276.1	ORY48228.1	24.825	572	345	20	538	1094	362	863	1.67e-24	116	43.01
P24276.1	XP_716298.1	23.964	555	377	16	559	1090	409	941	4.61e-24	115	41.44
P24276.1	BAG58327.1	25.000	440	283	10	540	952	232	651	6.96e-22	107	40.68
P24276.1	XP_003283598.1	29.958	237	141	4	882	1098	995	1226	7.44e-22	108	48.52
P24276.1	XP_003283598.1	34.146	82	53	1	315	396	369	449	7.30e-05	52.8	50.00
P24276.1	EPR79693.1	24.308	506	298	16	583	1014	286	780	5.57e-21	105	43.08
P24276.1	EAW70987.1	35.443	158	88	6	968	1118	8	158	7.98e-21	96.3	58.23
P24276.1	XP_013237712.1	22.478	694	408	25	529	1126	385	1044	2.26e-20	103	38.33
P24276.1	NP_001244210.1	29.433	282	175	8	540	815	232	495	3.57e-20	101	46.81
P24276.1	EAW70989.1	29.329	283	176	8	540	816	232	496	5.07e-20	100	46.64
P24276.1	AAH26166.1	29.329	283	176	8	540	816	232	496	5.07e-20	100	46.64
P24276.1	EAW70985.1	29.329	283	176	8	540	816	232	496	7.63e-20	100	46.64
P24276.1	EAW70986.1	34.969	163	92	6	963	1118	51	206	7.82e-20	96.7	57.67
P24276.1	ORD94946.1	25.817	306	194	7	713	1014	374	650	1.46e-18	97.1	44.12
P24276.1	XP_030834982.1	24.400	500	288	17	603	1034	882	1359	2.11e-18	97.1	40.20
P24276.1	XP_030830758.1	23.045	486	297	13	605	1034	2403	2867	1.40e-17	94.7	40.74
P24276.1	XP_030830757.1	23.045	486	297	13	605	1034	2421	2885	1.50e-17	94.4	40.74
P24276.1	XP_004361707.1	29.384	211	118	5	932	1116	926	1131	1.91e-17	93.6	49.29
P24276.1	XP_030838165.1	24.708	514	280	22	599	1034	230	714	3.16e-16	89.7	40.66
P24276.1	EAW77758.1	24.444	450	290	13	517	935	303	733	5.65e-16	88.6	42.67
P24276.1	XP_030836798.1	22.965	479	287	16	606	1020	2199	2659	6.63e-16	89.0	40.71
P24276.1	BAC03400.1	32.044	181	110	5	882	1052	30	207	7.30e-16	84.0	51.38
P24276.1	BAC04542.1	24.444	450	290	13	517	935	303	733	8.38e-16	87.8	42.67
P24276.1	EPB83808.1	28.311	219	142	5	891	1094	5	223	3.17e-15	84.0	45.66
P24276.1	ORY56506.1	29.752	242	150	8	584	817	627	856	3.62e-15	86.3	48.76
P24276.1	ORY56506.1	27.419	248	157	6	865	1098	929	1167	4.59e-15	85.9	47.18
P24276.1	ORY56506.1	30.882	68	41	2	580	642	417	483	32	33.9	51.47
P24276.1	EPB83809.1	26.953	256	160	8	586	830	310	549	4.41e-13	79.0	45.70
P24276.1	QEL58041.1	28.311	219	140	6	882	1090	22	233	1.46e-12	74.7	44.29
P24276.1	EIE82627.1	32.680	153	74	4	891	1017	15	164	4.72e-11	71.2	46.41
P24276.1	XP_004993265.1	26.953	256	160	9	580	826	611	848	1.78e-10	70.9	42.19
P24276.1	XP_004356324.1	25.962	208	140	6	584	789	384	579	1.49e-09	67.4	47.12
P24276.1	XP_004356325.1	31.818	132	87	2	963	1094	4	132	3.04e-09	64.3	49.24
P24276.1	XP_030836799.1	24.024	333	221	11	606	924	2132	2446	9.43e-09	65.5	42.94
P24276.1	XP_030836799.1	41.558	77	40	4	961	1034	2530	2604	6.02e-06	56.2	57.14
P24276.1	XP_013237162.1	24.333	300	204	8	729	1014	601	891	3.10e-06	57.0	46.00
P24276.1	XP_009496108.1	54.762	42	18	1	974	1014	1103	1144	1.60e-05	54.7	73.81
P24276.1	EIJ88150.1	23.333	150	96	4	614	756	324	461	1.98e-05	53.9	48.00
P24276.1	XP_030836800.1	36.364	77	44	3	961	1034	2361	2435	3.18e-05	53.9	55.84
P24276.1	XP_030836801.1	36.364	77	44	3	961	1034	2360	2434	3.20e-05	53.9	55.84
P24276.1	XP_030830378.1	35.616	73	46	1	963	1034	1067	1139	6.30e-05	52.8	54.79
P24276.1	XP_636708.1	33.333	72	48	0	713	784	556	627	1.62e-04	51.2	58.33
P24276.1	XP_004336320.1	29.474	95	67	0	728	822	146	240	4.24e-04	49.3	50.53
P24276.1	XP_004358150.1	35.484	62	39	1	970	1030	835	896	0.004	47.0	61.29
P24276.1	KND96565.2	27.434	113	66	3	968	1080	936	1032	0.004	47.0	42.48
P24276.1	PSK76679.1	27.434	113	66	3	968	1080	936	1032	0.004	47.0	42.48
P24276.1	XP_028888585.1	27.434	113	66	3	968	1080	936	1032	0.004	47.0	42.48
P24276.1	XP_003295008.1	46.512	43	23	0	969	1011	749	791	0.004	46.6	67.44
P24276.1	XP_003295008.1	30.556	72	50	0	713	784	514	585	0.21	41.2	54.17
P24276.1	QEO23798.1	27.679	112	65	3	969	1080	937	1032	0.004	46.6	42.86
P24276.1	QEL61657.1	45.000	40	22	0	968	1007	717	756	0.005	46.6	65.00
P24276.1	SMY18983.1	35.714	56	35	1	983	1037	891	946	0.016	45.1	57.14
P24276.1	BAB84997.1	29.730	111	61	3	900	1010	69	162	0.027	44.3	46.85
P24276.1	AAI50284.1	29.730	111	61	3	900	1010	1025	1118	0.028	44.3	46.85
P24276.1	EAW75255.1	29.730	111	61	3	900	1010	1025	1118	0.028	44.3	46.85
P24276.1	NP_208384.3	29.730	111	61	3	900	1010	1025	1118	0.028	44.3	46.85
P24276.1	XP_024307775.1	29.730	111	61	3	900	1010	1594	1687	0.029	44.3	46.85
P24276.1	BAE46995.1	29.730	111	61	3	900	1010	1594	1687	0.030	44.3	46.85
P24276.1	XP_024307774.1	29.730	111	61	3	900	1010	1594	1687	0.030	44.3	46.85
P24276.1	EAW75257.1	29.730	111	61	3	900	1010	1566	1659	0.030	43.9	46.85
P24276.1	EAW75256.1	29.730	111	61	3	900	1010	1594	1687	0.031	43.9	46.85
P24276.1	NP_001032412.2	29.730	111	61	3	900	1010	1594	1687	0.031	43.9	46.85
P24276.1	EIE82626.1	27.731	119	70	4	594	700	237	351	0.12	41.6	47.90
P24276.1	XP_020427727.1	48.485	33	17	0	982	1014	785	817	0.13	42.0	72.73
P24276.1	XP_004335106.1	50.000	32	16	0	983	1014	815	846	0.29	40.8	68.75
P24276.1	XP_003293188.1	26.230	122	65	5	991	1090	1305	1423	1.1	38.9	44.26
P24276.1	RIB03324.1	25.210	119	83	4	983	1097	721	837	2.8	37.4	46.22
P24276.1	XP_638051.1	40.385	52	26	1	991	1037	1464	1515	3.3	37.4	55.77
P24276.1	XP_020430095.1	70.000	20	6	0	991	1010	1125	1144	11	35.4	80.00
P24276.1	ORY49361.1	31.169	77	46	3	633	705	621	694	13	35.4	51.95
P24276.1	XP_505362.1	42.105	38	22	0	231	268	893	930	26	34.3	55.26
P24276.1	XP_018284764.1	63.636	22	8	0	991	1012	808	829	45	33.5	72.73
P24276.1	EIE89302.1	33.929	56	35	1	991	1044	765	820	47	33.5	53.57
P24276.1	CDH53807.1	35.185	54	33	1	991	1042	766	819	57	33.1	50.00
P24276.1	OBZ85405.1	25.153	163	91	5	552	690	128	283	75	32.3	41.10
# blastp
# Iteration: 0
# Query: Q8IYB7.4 RecName: Full=DIS3-like exonuclease 2; Short=hDIS3L2 [Homo sapiens]
# RID: BBWCMDV1016
# Database: nr
# Fields: query acc.ver, subject acc.ver, % identity, alignment length, mismatches, gap opens, q. start, q. end, s. start, s. end, evalue, bit score, % positives
# 476 hits found
Q8IYB7.4	NP_689596.4	100.000	866	0	0	1	866	1	866	0.0	1795	100.00
Q8IYB7.4	EAW70990.1	99.739	767	2	0	1	767	1	767	0.0	1580	99.74
Q8IYB7.4	BAG58327.1	99.850	667	1	0	1	667	1	667	0.0	1380	100.00
Q8IYB7.4	EAW70989.1	100.000	580	0	0	1	580	1	580	0.0	1200	100.00
Q8IYB7.4	EAW70985.1	100.000	580	0	0	1	580	1	580	0.0	1199	100.00
Q8IYB7.4	AAH26166.1	99.655	580	2	0	1	580	1	580	0.0	1193	99.66
Q8IYB7.4	NP_001244210.1	98.694	536	7	0	1	536	1	536	0.0	1096	98.88
Q8IYB7.4	XP_030837613.1	47.722	878	406	9	31	860	239	1111	0.0	769	63.44
Q8IYB7.4	XP_030842557.1	47.608	878	407	9	31	860	239	1111	0.0	767	63.33
Q8IYB7.4	NP_498160.2	41.106	832	409	17	47	863	62	827	0.0	607	59.13
Q8IYB7.4	RIB17962.1	49.209	569	258	9	264	821	683	1231	1.80e-172	541	65.03
Q8IYB7.4	RIB17962.1	40.506	79	46	1	46	123	482	560	1.29e-07	60.8	62.03
Q8IYB7.4	XP_004996901.1	39.354	836	472	15	39	853	191	1012	9.83e-170	524	57.06
Q8IYB7.4	EXX74608.1	48.862	571	273	8	264	829	679	1235	4.95e-168	529	64.80
Q8IYB7.4	EXX74608.1	43.038	79	44	1	46	123	478	556	5.05e-09	65.5	63.29
Q8IYB7.4	EXX74607.1	48.862	571	273	8	264	829	687	1243	4.98e-168	530	64.80
Q8IYB7.4	EXX74607.1	43.038	79	44	1	46	123	486	564	4.97e-09	65.5	63.29
Q8IYB7.4	NP_001244211.1	99.576	236	1	0	1	236	1	236	6.03e-166	486	100.00
Q8IYB7.4	AAP97321.1	99.576	236	1	0	1	236	1	236	1.96e-165	485	99.58
Q8IYB7.4	ORY51419.1	39.497	795	372	20	46	800	358	1083	2.68e-165	520	55.97
Q8IYB7.4	OAQ31519.1	44.956	565	290	8	264	823	167	715	1.25e-161	497	64.25
Q8IYB7.4	EPB92428.1	36.993	765	410	14	50	802	26	730	1.53e-160	494	56.21
Q8IYB7.4	EIE79534.1	36.978	814	455	15	44	840	329	1101	4.27e-158	497	54.79
Q8IYB7.4	CDH60523.1	44.351	593	297	9	233	808	570	1146	2.67e-156	494	61.21
Q8IYB7.4	CDH60523.1	45.833	72	39	0	45	116	422	493	3.90e-09	65.9	65.28
Q8IYB7.4	XP_001744174.1	46.261	575	289	9	229	797	19	579	8.36e-156	473	62.09
Q8IYB7.4	XP_016610762.1	45.685	591	283	12	233	796	685	1264	1.16e-155	498	61.42
Q8IYB7.4	XP_016610762.1	42.045	88	50	1	46	132	556	643	4.65e-10	68.9	64.77
Q8IYB7.4	EAW70986.1	99.543	219	1	0	617	835	1	219	1.04e-150	449	99.54
Q8IYB7.4	OBZ90828.1	36.149	805	423	16	32	821	419	1147	1.97e-149	476	54.29
Q8IYB7.4	XP_018297613.1	43.866	538	286	7	268	802	230	754	8.11e-149	465	63.94
Q8IYB7.4	XP_018297613.1	40.000	75	45	0	45	119	59	133	1.09e-08	64.3	65.33
Q8IYB7.4	XP_021880184.1	42.193	602	329	7	223	820	644	1230	3.75e-148	476	61.13
Q8IYB7.4	XP_004343707.2	41.743	654	300	11	220	800	524	1169	1.12e-147	474	56.27
Q8IYB7.4	XP_004343707.2	38.372	86	53	0	40	125	327	412	1.11e-10	70.9	62.79
Q8IYB7.4	KNE56473.1	34.419	860	445	16	47	849	368	1165	5.31e-146	467	51.98
Q8IYB7.4	XP_020435989.1	41.935	651	331	16	232	851	615	1249	4.04e-145	466	58.37
Q8IYB7.4	XP_020435989.1	40.000	80	48	0	43	122	355	434	1.71e-11	73.6	66.25
Q8IYB7.4	EXX74609.1	51.627	461	210	6	264	723	687	1135	4.12e-144	460	66.38
Q8IYB7.4	EXX74609.1	43.038	79	44	1	46	123	486	564	4.47e-09	65.9	63.29
Q8IYB7.4	OAQ23985.1	41.419	606	322	9	233	820	674	1264	1.54e-140	456	59.41
Q8IYB7.4	XP_007329347.1	43.684	570	296	11	264	825	578	1130	1.68e-140	453	61.40
Q8IYB7.4	XP_007329347.1	38.961	77	46	1	46	121	387	463	1.77e-06	57.4	61.04
Q8IYB7.4	XP_006676968.1	44.464	560	275	14	256	796	388	930	3.64e-140	447	62.68
Q8IYB7.4	XP_006676968.1	34.000	100	59	3	25	122	219	313	7.26e-07	58.5	54.00
Q8IYB7.4	EGO01908.1	41.567	587	303	10	264	825	458	1029	7.19e-139	446	59.11
Q8IYB7.4	EGO01908.1	39.437	71	43	0	46	116	265	335	2.11e-06	57.0	61.97
Q8IYB7.4	EIE87097.1	36.224	784	398	18	43	821	85	771	2.00e-138	438	52.42
Q8IYB7.4	XP_011387156.1	41.725	568	302	10	264	821	728	1276	2.98e-138	450	61.27
Q8IYB7.4	XP_011387156.1	42.500	80	45	1	45	123	541	620	6.19e-09	65.5	61.25
Q8IYB7.4	KNE54823.1	39.326	623	318	12	264	849	570	1169	9.19e-138	445	58.91
Q8IYB7.4	KNE54823.1	32.000	75	46	1	47	116	368	442	0.037	43.1	56.00
Q8IYB7.4	XP_003324138.1	43.739	551	289	8	264	805	725	1263	4.12e-137	447	60.80
Q8IYB7.4	XP_003324138.1	40.260	77	45	1	46	121	532	608	6.67e-07	58.5	61.04
Q8IYB7.4	OBZ83463.1	37.771	691	388	13	163	828	155	828	1.36e-136	434	55.14
Q8IYB7.4	OBZ83463.1	32.222	90	58	3	46	133	108	196	8.99e-05	51.6	57.78
Q8IYB7.4	XP_004367466.1	40.865	624	331	12	226	820	452	1066	5.39e-136	444	57.53
Q8IYB7.4	XP_004367466.1	46.753	77	41	0	45	121	174	250	8.83e-14	81.3	70.13
Q8IYB7.4	4RO1_A	35.806	782	383	20	46	795	9	703	3.01e-135	426	51.02
Q8IYB7.4	O14040.1	35.806	782	383	20	46	795	172	866	1.80e-134	429	51.02
Q8IYB7.4	XP_003283598.1	40.857	607	305	14	229	800	639	1226	4.91e-134	436	57.66
Q8IYB7.4	XP_003283598.1	36.275	102	64	1	31	132	376	476	2.17e-11	73.2	54.90
Q8IYB7.4	XP_018293059.1	41.281	562	301	12	264	821	155	691	8.89e-134	421	60.14
Q8IYB7.4	XP_018293059.1	40.580	69	41	0	47	115	1	69	2.28e-06	56.6	62.32
Q8IYB7.4	XP_641919.1	40.932	601	316	15	232	807	694	1280	1.03e-133	437	58.40
Q8IYB7.4	XP_641919.1	40.187	107	61	2	33	136	420	526	1.13e-14	84.0	57.94
Q8IYB7.4	EPB81809.1	40.132	608	329	10	235	821	249	842	1.50e-133	427	58.22
Q8IYB7.4	EPB81809.1	39.474	114	57	4	13	121	75	181	6.86e-10	68.2	55.26
Q8IYB7.4	CDH55297.1	40.453	618	329	12	232	828	459	1058	1.84e-133	432	55.99
Q8IYB7.4	CDH55297.1	38.961	77	46	1	47	122	335	411	2.71e-08	63.2	67.53
Q8IYB7.4	ORY85672.1	40.941	574	304	11	258	802	554	1121	1.61e-132	432	59.23
Q8IYB7.4	ORY85672.1	33.673	98	63	1	21	116	397	494	2.39e-06	57.0	53.06
Q8IYB7.4	XP_012051195.1	40.140	573	314	10	264	825	1008	1562	2.98e-128	426	58.81
Q8IYB7.4	XP_012051195.1	40.964	83	47	2	41	121	811	893	1.66e-07	60.8	63.86
Q8IYB7.4	XP_012050922.1	40.140	573	314	10	264	825	1008	1562	3.86e-128	426	58.81
Q8IYB7.4	XP_012050922.1	40.964	83	47	2	41	121	811	893	1.50e-07	60.8	63.86
Q8IYB7.4	PIA17543.1	39.966	583	291	10	268	801	171	743	6.11e-128	409	56.26
Q8IYB7.4	BAC03400.1	98.404	188	3	0	580	767	29	216	6.33e-126	384	98.94
Q8IYB7.4	AAX82031.1	100.000	178	0	0	376	553	1	178	7.18e-122	370	100.00
Q8IYB7.4	NP_728490.1	39.046	566	330	9	233	790	422	980	1.00e-119	393	57.60
Q8IYB7.4	NP_612012.1	39.046	566	330	9	233	790	410	968	1.02e-119	392	57.60
Q8IYB7.4	AAT94466.1	40.149	538	310	8	258	790	450	980	1.08e-119	392	58.92
Q8IYB7.4	XP_002175003.1	38.185	584	330	12	232	795	211	783	6.26e-117	380	56.51
Q8IYB7.4	XP_002175003.1	42.857	77	43	1	42	118	100	175	2.13e-10	69.7	67.53
Q8IYB7.4	XP_752507.1	32.216	835	470	23	46	830	426	1214	1.41e-114	385	50.90
Q8IYB7.4	KXN68223.1	36.333	589	337	11	231	795	656	1230	7.82e-113	381	55.86
Q8IYB7.4	CDH58442.1	35.761	618	348	11	235	820	500	1100	9.94e-112	375	55.02
Q8IYB7.4	CDH58442.1	31.944	72	49	0	45	116	373	444	6.65e-04	48.9	62.50
Q8IYB7.4	CDH60378.1	32.080	851	432	23	17	847	192	916	8.68e-111	367	48.41
Q8IYB7.4	EAW70987.1	100.000	163	0	0	670	832	6	168	6.57e-110	339	100.00
Q8IYB7.4	XP_001590366.1	30.834	827	468	23	46	821	406	1179	1.31e-109	371	50.79
Q8IYB7.4	ORX85520.1	38.214	560	305	12	267	800	789	1333	1.83e-109	373	57.14
Q8IYB7.4	ORX85520.1	38.298	94	58	0	41	134	631	724	2.25e-10	70.1	64.89
Q8IYB7.4	APA15448.1	30.834	827	468	23	46	821	451	1224	1.98e-109	371	50.79
Q8IYB7.4	ORX43377.1	37.584	596	327	16	233	800	776	1354	4.53e-109	372	56.88
Q8IYB7.4	ORX43377.1	37.000	100	57	1	45	138	656	755	4.81e-11	72.0	61.00
Q8IYB7.4	CAB45749.1	35.659	645	350	13	223	856	7	597	2.42e-108	351	52.56
Q8IYB7.4	ORY24609.1	33.812	766	387	18	46	796	217	877	7.81e-108	360	49.48
Q8IYB7.4	EAW80518.1	35.659	645	350	13	223	856	69	659	1.27e-107	351	52.56
Q8IYB7.4	ORY56506.1	37.479	595	326	18	233	800	592	1167	1.80e-107	366	56.30
Q8IYB7.4	ORY56506.1	39.726	73	44	0	50	122	492	564	8.57e-08	61.6	65.75
Q8IYB7.4	EEH08335.1	31.265	838	474	23	46	831	455	1242	2.90e-107	365	49.76
Q8IYB7.4	RIB08808.1	37.274	609	327	15	194	789	292	858	5.72e-107	354	55.34
Q8IYB7.4	RIB08808.1	35.802	81	45	1	41	121	213	286	3.90e-06	55.8	54.32
Q8IYB7.4	AAH38101.1	35.659	645	350	13	223	856	171	761	8.49e-107	352	52.56
Q8IYB7.4	ORY24922.1	35.452	598	339	12	237	800	67	651	1.26e-106	353	54.68
Q8IYB7.4	ORY24922.1	61.538	26	10	0	91	116	2	27	4.9	36.2	80.77
Q8IYB7.4	NP_001309278.1	35.659	645	350	13	223	856	171	761	1.47e-106	351	52.56
Q8IYB7.4	NP_001309277.1	35.659	645	350	13	223	856	210	800	2.95e-106	352	52.56
Q8IYB7.4	SMY19906.1	30.929	818	471	21	46	821	437	1202	5.23e-106	361	50.12
Q8IYB7.4	CRL22673.1	31.415	834	475	19	46	830	431	1216	7.00e-106	361	49.88
Q8IYB7.4	XP_001243079.2	31.055	834	474	22	46	829	433	1215	8.64e-106	361	49.52
Q8IYB7.4	BAF92610.1	35.659	645	350	13	223	856	333	923	1.67e-105	352	52.56
Q8IYB7.4	CAH56266.1	35.659	645	350	13	223	856	333	923	1.69e-105	352	52.56
Q8IYB7.4	BAA76852.3	35.659	645	350	13	223	856	303	893	1.73e-105	352	52.56
Q8IYB7.4	NP_001121698.1	35.659	645	350	13	223	856	303	893	1.73e-105	352	52.56
Q8IYB7.4	NP_055768.3	35.659	645	350	13	223	856	333	923	1.85e-105	352	52.56
Q8IYB7.4	AAH56143.1	35.659	645	350	13	223	856	333	923	1.85e-105	352	52.56
Q8IYB7.4	AAL37479.1	35.659	645	350	13	223	856	333	923	2.25e-105	352	52.56
Q8IYB7.4	XP_019027114.1	31.707	779	425	18	38	801	246	932	2.40e-105	353	48.65
Q8IYB7.4	6D6Q_K	35.504	645	351	13	223	856	335	925	5.28e-105	351	52.71
Q8IYB7.4	CDH53421.1	34.355	620	355	12	235	820	525	1126	8.50e-105	356	54.19
Q8IYB7.4	CDH53421.1	34.783	69	43	1	68	136	421	487	0.002	47.4	63.77
Q8IYB7.4	6H25_J	35.504	645	351	13	223	856	337	927	9.37e-105	350	52.56
Q8IYB7.4	XP_658762.1	32.533	833	465	26	46	830	428	1211	1.14e-104	358	50.90
Q8IYB7.4	OIR58338.1	33.832	668	357	12	192	849	261	853	1.39e-104	348	49.10
Q8IYB7.4	RKP20466.1	35.642	592	335	11	265	846	265	820	2.02e-104	347	53.89
Q8IYB7.4	XP_021883468.1	33.592	774	396	21	49	801	219	895	3.35e-104	348	50.13
Q8IYB7.4	NP_001262910.1	34.697	660	376	14	211	859	328	943	3.51e-104	349	52.12
Q8IYB7.4	NP_001262910.1	31.522	92	61	1	53	144	235	324	5.71e-06	55.5	55.43
Q8IYB7.4	NP_984830.1	33.290	763	392	22	62	800	272	941	3.71e-104	350	48.75
Q8IYB7.4	ODQ71950.1	32.166	771	414	20	44	796	245	924	6.22e-104	349	49.68
Q8IYB7.4	AAK93574.1	34.545	660	377	14	211	859	328	943	7.97e-104	348	52.12
Q8IYB7.4	AAK93574.1	31.522	92	61	1	53	144	235	324	5.71e-06	55.5	55.43
Q8IYB7.4	AFI71920.1	34.697	660	376	14	211	859	351	966	8.11e-104	349	52.12
Q8IYB7.4	AFI71920.1	31.522	92	61	1	53	144	258	347	5.79e-06	55.5	55.43
Q8IYB7.4	XP_018288856.1	34.804	612	349	11	235	821	128	714	2.55e-103	345	53.27
Q8IYB7.4	XP_018288856.1	30.986	71	49	0	45	115	1	71	0.002	47.0	60.56
Q8IYB7.4	ORY27235.1	36.347	542	322	8	271	795	6	541	2.99e-103	342	55.35
Q8IYB7.4	XP_451472.1	31.547	821	449	21	50	846	261	992	5.03e-103	347	47.02
Q8IYB7.4	EPZ33168.1	35.642	592	335	11	265	846	357	912	9.05e-103	345	53.89
Q8IYB7.4	QEU58691.1	31.547	821	449	21	50	846	261	992	1.07e-102	346	47.02
Q8IYB7.4	SMY20547.1	31.294	850	451	24	27	848	235	979	5.04e-102	344	48.00
Q8IYB7.4	OAQ32362.1	36.778	571	312	11	266	823	369	903	2.43e-101	342	54.82
Q8IYB7.4	OAQ32362.1	35.443	79	49	2	46	122	214	292	4.13e-05	52.8	60.76
Q8IYB7.4	XP_751606.1	31.726	788	414	22	40	792	245	943	2.92e-101	343	48.22
Q8IYB7.4	ODV96234.1	32.422	768	411	21	50	801	250	925	4.05e-101	341	48.70
Q8IYB7.4	NP_014621.1	32.805	820	439	25	50	846	255	985	8.47e-101	341	46.95
Q8IYB7.4	OBZ81863.1	33.596	634	347	14	235	820	480	1087	1.65e-100	344	52.21
Q8IYB7.4	OBZ81863.1	44.898	49	27	0	68	116	376	424	0.003	47.0	67.35
Q8IYB7.4	XP_004347431.1	30.678	841	482	16	47	859	247	1014	2.13e-100	343	47.21
Q8IYB7.4	5K36_K	32.683	820	440	25	50	846	257	987	2.54e-100	339	46.95
Q8IYB7.4	XP_001797133.1	30.498	823	463	22	46	821	443	1203	2.62e-100	345	49.45
Q8IYB7.4	4IFD_J	32.805	820	439	26	50	846	257	987	2.72e-100	339	47.32
Q8IYB7.4	EXX59222.1	36.661	581	318	14	230	796	335	879	3.09e-100	339	54.56
Q8IYB7.4	5C0W_J	32.805	820	439	26	50	846	258	988	3.30e-100	339	47.32
Q8IYB7.4	5JEA_J	32.683	820	440	25	50	846	259	989	3.53e-100	339	46.95
Q8IYB7.4	XP_016612102.1	34.622	621	353	15	193	796	294	878	7.46e-100	338	53.78
Q8IYB7.4	KNE63777.1	38.993	536	291	9	267	795	377	883	7.90e-100	338	53.17
Q8IYB7.4	XP_001243197.1	31.447	795	429	19	49	811	255	965	1.22e-99	338	47.17
Q8IYB7.4	XP_002175127.1	34.677	620	360	15	195	801	324	911	2.91e-99	336	52.58
Q8IYB7.4	XP_002175127.1	26.829	123	78	2	40	150	236	358	2.50e-07	60.1	51.22
Q8IYB7.4	KXN68087.1	34.488	606	358	10	203	799	302	877	7.05e-99	335	52.81
Q8IYB7.4	KXN68087.1	33.333	63	40	1	62	122	238	300	0.18	40.8	55.56
Q8IYB7.4	XP_001805194.1	31.964	779	424	22	40	801	257	946	7.33e-99	335	48.91
Q8IYB7.4	XP_003290482.1	32.334	634	377	13	183	796	271	872	1.15e-98	335	53.31
Q8IYB7.4	XP_003290482.1	38.095	63	39	0	59	121	238	300	2.81e-06	56.6	60.32
Q8IYB7.4	XP_018291713.1	34.898	639	354	15	225	847	331	923	1.20e-98	334	52.11
Q8IYB7.4	XP_961563.2	29.818	825	470	20	46	821	416	1180	1.32e-98	340	48.61
Q8IYB7.4	KNE71922.1	37.000	600	337	12	204	795	313	879	1.89e-98	334	51.33
Q8IYB7.4	CRL23579.1	30.610	820	442	22	9	792	215	943	6.37e-98	333	47.07
Q8IYB7.4	CAC35051.1	33.737	661	382	15	211	859	328	944	6.64e-98	332	51.29
Q8IYB7.4	CAC35051.1	31.522	92	61	1	53	144	235	324	5.85e-06	55.5	55.43
Q8IYB7.4	XP_018295507.1	34.095	613	357	14	235	821	135	726	1.62e-97	328	52.53
Q8IYB7.4	XP_018295507.1	29.545	88	59	2	45	132	8	92	5.22e-04	48.9	60.23
Q8IYB7.4	XP_001597366.1	30.201	798	433	20	28	801	239	936	1.65e-97	332	48.25
Q8IYB7.4	CDH57087.1	33.387	617	353	14	235	821	523	1111	2.31e-97	335	52.67
Q8IYB7.4	CDH57087.1	40.816	49	29	0	68	116	419	467	0.003	46.6	69.39
Q8IYB7.4	CDH57086.1	33.387	617	353	14	235	821	524	1112	2.31e-97	335	52.67
Q8IYB7.4	CDH57086.1	40.816	49	29	0	68	116	420	468	0.003	46.6	69.39
Q8IYB7.4	ORX43308.1	36.833	581	313	12	232	796	347	889	5.12e-97	330	55.08
Q8IYB7.4	ORX43308.1	43.038	79	43	2	46	122	217	295	8.05e-07	58.2	58.23
Q8IYB7.4	ORX84255.1	37.907	583	304	13	232	796	347	889	9.29e-97	330	55.06
Q8IYB7.4	ORX84255.1	44.304	79	42	2	46	122	217	295	1.74e-07	60.5	58.23
Q8IYB7.4	EPB91856.1	33.651	630	349	18	235	820	508	1112	1.21e-96	334	53.65
Q8IYB7.4	EPB91856.1	44.898	49	27	0	68	116	404	452	0.004	46.2	65.31
Q8IYB7.4	XP_004996997.1	35.607	601	347	12	265	858	353	920	1.33e-96	330	52.91
Q8IYB7.4	XP_004996997.1	30.208	96	66	1	27	122	197	291	3.36e-05	53.1	53.12
Q8IYB7.4	PIS52301.1	30.807	818	445	22	50	846	243	960	2.51e-96	328	47.56
Q8IYB7.4	XP_028891319.1	31.606	772	416	19	50	801	243	922	5.43e-96	327	47.54
Q8IYB7.4	EPB83540.1	29.333	825	450	21	37	821	279	1010	6.13e-96	330	48.12
Q8IYB7.4	PSK79288.1	31.606	772	416	19	50	801	243	922	8.58e-96	327	47.54
Q8IYB7.4	EGN94814.1	31.250	768	421	19	46	792	247	928	9.71e-96	327	48.44
Q8IYB7.4	P37202.1	30.838	788	430	20	27	801	225	910	1.61e-95	326	46.32
Q8IYB7.4	QEO21715.1	31.477	772	417	19	50	801	243	922	3.00e-95	325	47.54
Q8IYB7.4	XP_649075.1	34.164	562	336	10	232	792	314	842	5.41e-95	323	54.80
Q8IYB7.4	XP_649075.1	29.474	95	62	3	32	122	187	280	3.11e-05	53.1	58.95
Q8IYB7.4	PIA18366.1	37.269	542	293	12	272	799	384	892	5.41e-95	325	54.61
Q8IYB7.4	PIA18366.1	34.409	93	58	2	33	122	222	314	3.73e-06	56.2	51.61
Q8IYB7.4	XP_629050.1	33.946	598	351	13	213	796	311	878	6.81e-95	325	52.51
Q8IYB7.4	XP_629050.1	35.385	65	42	0	59	123	239	303	3.48e-06	56.2	63.08
Q8IYB7.4	EPB82799.1	34.888	579	334	13	232	799	331	877	1.55e-94	323	53.71
Q8IYB7.4	OBZ89871.1	35.702	577	328	13	232	798	324	867	1.93e-94	322	53.21
Q8IYB7.4	EIE78579.1	33.227	629	352	17	235	820	498	1101	3.39e-94	327	52.62
Q8IYB7.4	EIE78579.1	43.077	65	34	2	68	132	394	455	7.77e-04	48.5	64.62
Q8IYB7.4	XP_503507.1	30.907	783	427	17	44	801	245	938	3.59e-94	322	47.13
Q8IYB7.4	XP_001732306.1	31.559	808	402	23	34	795	180	882	3.94e-94	321	45.42
Q8IYB7.4	XP_002493284.1	31.234	762	414	16	50	795	231	898	1.38e-93	320	47.38
Q8IYB7.4	OBZ88622.1	32.704	636	362	15	235	829	393	1003	1.50e-93	323	52.04
Q8IYB7.4	XP_716298.1	30.730	794	449	21	25	795	229	944	9.64e-93	319	48.61
Q8IYB7.4	XP_018299381.1	34.690	565	344	10	264	823	759	1303	2.70e-92	324	52.39
Q8IYB7.4	XP_018299381.1	31.081	74	51	0	43	116	570	643	2.49e-04	50.4	59.46
Q8IYB7.4	XP_661261.1	30.113	797	429	22	34	792	220	926	3.45e-92	317	47.43
Q8IYB7.4	PCD22650.1	31.877	778	423	20	41	801	241	928	7.81e-92	316	48.46
Q8IYB7.4	EYB22133.1	31.620	778	425	19	41	801	241	928	9.37e-92	316	48.46
Q8IYB7.4	XP_011316956.1	31.620	778	425	19	41	801	241	928	1.18e-91	315	48.33
Q8IYB7.4	EEH07176.1	30.789	786	426	18	39	792	247	946	4.32e-91	315	47.07
Q8IYB7.4	XP_020435076.1	32.288	638	350	12	183	798	279	856	4.36e-91	313	49.69
Q8IYB7.4	XP_020435076.1	34.043	94	58	2	30	121	217	308	3.60e-06	56.2	57.45
Q8IYB7.4	XP_001744179.1	32.713	645	375	15	226	859	317	913	4.54e-91	313	51.32
Q8IYB7.4	XP_001744179.1	40.506	79	45	2	46	123	211	288	9.37e-10	67.8	65.82
Q8IYB7.4	EIE84692.1	32.143	616	361	15	235	821	365	952	1.55e-90	314	52.44
Q8IYB7.4	CDH59155.1	30.065	765	471	16	46	807	351	1054	1.06e-89	313	48.37
Q8IYB7.4	XP_009495003.1	31.469	769	435	16	50	803	186	877	1.12e-89	310	47.46
Q8IYB7.4	XP_006679077.1	35.754	537	303	14	266	792	372	876	1.14e-89	309	54.75
Q8IYB7.4	XP_011390175.1	34.392	567	313	13	259	798	422	956	1.08e-88	308	51.85
Q8IYB7.4	XP_011390175.1	34.940	83	54	0	45	127	257	339	2.97e-08	62.8	57.83
Q8IYB7.4	ODV92280.1	39.530	468	237	10	267	721	383	817	1.18e-88	304	57.26
Q8IYB7.4	ODQ70873.1	31.390	806	447	21	46	821	399	1128	1.38e-88	311	47.39
Q8IYB7.4	XP_002838419.1	36.059	538	301	12	270	795	382	888	2.77e-88	306	52.97
Q8IYB7.4	XP_002839150.1	34.441	572	336	14	264	821	629	1175	3.37e-88	311	52.80
Q8IYB7.4	XP_002839150.1	42.500	80	43	2	45	121	432	511	1.43e-08	63.9	62.50
Q8IYB7.4	XP_021883488.1	33.665	603	337	12	232	796	344	921	8.02e-88	307	49.75
Q8IYB7.4	XP_021883488.1	33.645	107	61	2	41	147	231	327	2.49e-05	53.5	48.60
Q8IYB7.4	XP_461958.2	33.444	604	356	13	213	801	386	958	2.45e-87	304	51.32
Q8IYB7.4	XP_461958.2	39.726	73	44	0	50	122	267	339	3.59e-07	59.3	56.16
Q8IYB7.4	ORY87156.1	35.101	547	306	14	270	801	390	902	4.79e-87	302	53.56
Q8IYB7.4	ORY87156.1	32.979	94	58	1	47	135	233	326	4.31e-08	62.4	55.32
Q8IYB7.4	XP_030836972.1	36.078	510	285	8	267	768	370	846	3.37e-86	298	54.12
Q8IYB7.4	XP_007334414.1	34.775	578	329	15	230	791	375	920	3.50e-86	300	52.42
Q8IYB7.4	XP_012049211.1	30.412	776	421	22	45	792	252	936	4.04e-86	300	46.13
Q8IYB7.4	EIE90034.1	32.033	615	363	15	235	821	397	984	5.88e-86	302	51.06
Q8IYB7.4	XP_019020799.1	33.972	574	343	12	264	820	580	1134	6.43e-85	301	53.14
Q8IYB7.4	XP_019020799.1	41.772	79	45	1	46	123	377	455	2.92e-07	59.7	58.23
Q8IYB7.4	NP_001310867.1	34.532	556	319	13	267	796	232	768	1.15e-84	295	51.98
Q8IYB7.4	NP_001310867.1	35.246	122	66	5	28	139	72	190	4.59e-08	62.4	58.20
Q8IYB7.4	NP_001310866.1	34.532	556	319	13	267	796	240	776	1.38e-84	295	51.98
Q8IYB7.4	NP_001310866.1	35.246	122	66	5	28	139	80	198	4.15e-08	62.4	58.20
Q8IYB7.4	GAO51867.1	34.155	568	350	12	264	820	558	1112	1.57e-84	300	53.52
Q8IYB7.4	GAO51867.1	41.772	79	45	1	46	123	355	433	2.70e-07	60.1	58.23
Q8IYB7.4	BAB85541.1	34.532	556	319	13	267	796	259	795	1.96e-84	295	51.98
Q8IYB7.4	BAB85541.1	35.246	122	66	5	28	139	99	217	3.94e-08	62.4	58.20
Q8IYB7.4	ORY48228.1	29.150	765	415	19	44	801	224	868	3.20e-84	295	46.54
Q8IYB7.4	NP_001310865.1	34.532	556	319	13	267	796	283	819	3.93e-84	295	51.98
Q8IYB7.4	NP_001310865.1	35.246	122	66	5	28	139	123	241	3.94e-08	62.4	58.20
Q8IYB7.4	NP_001310877.1	33.390	587	341	14	267	827	306	868	5.44e-84	295	51.28
Q8IYB7.4	NP_001310877.1	35.246	122	66	5	28	139	146	264	3.97e-08	62.4	58.20
Q8IYB7.4	CAH10694.1	98.496	133	2	0	71	203	1	133	9.75e-84	274	98.50
Q8IYB7.4	NP_001310869.1	33.686	567	328	13	285	827	16	558	1.01e-83	287	51.15
Q8IYB7.4	NP_001310873.1	33.390	587	341	14	267	827	349	911	1.79e-83	294	51.28
Q8IYB7.4	NP_001310873.1	35.246	122	66	5	28	139	189	307	3.67e-08	62.8	58.20
Q8IYB7.4	NP_001137160.1	33.503	591	348	13	232	796	331	902	4.27e-83	293	50.93
Q8IYB7.4	NP_001137160.1	35.246	122	66	5	28	139	206	324	3.75e-08	62.8	58.20
Q8IYB7.4	XP_963787.2	32.595	632	373	16	190	801	330	928	1.11e-82	291	50.63
Q8IYB7.4	XP_963787.2	28.358	134	88	2	59	192	260	385	8.13e-07	58.2	51.49
Q8IYB7.4	OAQ29610.1	31.343	603	361	10	227	796	340	922	1.12e-82	293	49.42
Q8IYB7.4	OAQ29610.1	32.787	122	70	4	34	147	218	335	9.14e-05	51.6	50.00
Q8IYB7.4	NP_501835.2	34.820	583	328	13	225	795	344	886	3.11e-82	289	50.94
Q8IYB7.4	NP_501835.2	38.272	81	49	1	41	121	224	303	7.77e-08	61.6	58.02
Q8IYB7.4	XP_004367379.1	33.043	575	346	11	232	796	435	980	7.56e-82	292	50.26
Q8IYB7.4	XP_004367379.1	27.350	117	67	3	38	144	292	400	0.22	40.4	45.30
Q8IYB7.4	ORX81012.1	33.164	591	331	16	267	824	379	938	1.15e-81	289	51.44
Q8IYB7.4	ORY36765.1	33.274	562	319	14	267	796	373	910	2.47e-81	288	51.78
Q8IYB7.4	ORY36765.1	35.135	74	36	1	62	123	243	316	3.14e-04	49.7	51.35
Q8IYB7.4	XP_030832821.1	34.426	549	328	13	267	796	359	894	7.27e-81	286	53.19
Q8IYB7.4	XP_030832821.1	33.673	98	52	3	50	134	221	318	1.15e-06	57.8	55.10
Q8IYB7.4	AAH14124.2	34.398	532	311	12	320	827	1	518	9.63e-81	278	52.44
Q8IYB7.4	XP_647622.1	31.399	586	341	11	255	796	598	1166	1.53e-80	289	49.49
Q8IYB7.4	XP_647622.1	29.213	89	48	2	47	121	451	538	0.006	45.8	49.44
Q8IYB7.4	XP_003293834.1	31.083	563	356	9	255	796	436	987	5.36e-80	287	51.33
Q8IYB7.4	EPB85527.1	31.206	564	351	13	268	820	153	690	2.20e-79	278	50.89
Q8IYB7.4	EPB85527.1	42.857	49	28	0	68	116	2	50	0.006	45.4	65.31
Q8IYB7.4	OBZ91583.1	32.660	594	345	15	230	796	157	722	2.88e-79	279	48.65
Q8IYB7.4	OBZ91583.1	35.897	78	48	2	50	127	57	132	1.43e-04	50.8	57.69
Q8IYB7.4	XP_020429451.1	28.719	773	451	18	50	796	287	985	2.97e-79	285	45.67
Q8IYB7.4	ORX48176.1	30.053	752	423	22	146	860	146	831	3.60e-79	280	46.94
Q8IYB7.4	PIA16743.1	33.824	544	325	10	267	792	170	696	2.18e-78	276	48.53
Q8IYB7.4	XP_005254203.1	34.652	531	309	12	232	742	331	843	5.72e-78	275	52.17
Q8IYB7.4	XP_005254203.1	35.246	122	66	5	28	139	206	324	3.47e-08	62.8	58.20
Q8IYB7.4	CDH51568.1	33.333	561	319	17	265	796	374	908	1.85e-77	277	50.98
Q8IYB7.4	CDH51568.1	33.333	87	58	0	35	121	227	313	5.45e-04	48.9	49.43
Q8IYB7.4	KJE93202.1	28.155	824	462	22	7	763	307	1067	5.68e-76	275	44.05
Q8IYB7.4	XP_004347849.2	28.155	824	462	22	7	763	317	1077	6.42e-76	275	44.05
Q8IYB7.4	AOA66978.1	28.279	831	504	26	39	829	215	993	3.22e-73	266	45.49
Q8IYB7.4	XP_002491774.1	28.279	831	504	26	39	829	286	1064	5.36e-73	266	45.49
Q8IYB7.4	XP_018298524.1	32.731	553	296	13	265	796	295	792	2.10e-72	261	48.10
Q8IYB7.4	XP_018298524.1	34.259	108	62	2	37	144	152	250	9.32e-07	58.2	45.37
Q8IYB7.4	XP_003307080.2	33.216	566	314	15	265	795	463	999	2.63e-71	259	51.24
Q8IYB7.4	XP_003307080.2	34.000	100	62	2	27	122	273	372	7.53e-07	58.5	54.00
Q8IYB7.4	XP_004361707.1	40.936	342	186	4	232	564	654	988	6.75e-71	259	59.06
Q8IYB7.4	XP_004361707.1	35.955	178	91	5	664	820	956	1131	1.41e-20	103	53.37
Q8IYB7.4	XP_004361707.1	40.426	94	47	1	29	122	405	489	9.66e-15	84.0	60.64
Q8IYB7.4	NP_597581.1	33.691	466	243	10	266	719	287	698	9.17e-71	254	51.93
Q8IYB7.4	XP_021877244.1	40.000	345	189	7	483	823	1	331	2.12e-70	245	61.45
Q8IYB7.4	XP_721868.2	26.923	806	525	22	46	821	332	1103	1.34e-69	256	45.29
Q8IYB7.4	KHC85556.1	26.799	806	526	22	46	821	333	1104	1.62e-69	256	45.53
Q8IYB7.4	XP_013237712.1	30.721	638	368	13	221	792	380	1009	2.38e-69	254	47.02
Q8IYB7.4	ORY78509.1	29.359	562	360	12	264	820	516	1045	5.99e-68	251	48.93
Q8IYB7.4	ORY78509.1	39.744	78	46	1	45	121	322	399	8.28e-07	58.2	60.26
Q8IYB7.4	ODV97345.1	27.008	859	513	24	33	821	379	1193	4.74e-67	249	44.00
Q8IYB7.4	EEQ82259.1	29.813	587	298	12	266	793	299	830	5.24e-67	244	45.49
Q8IYB7.4	QEU59880.1	26.014	838	539	24	10	821	268	1050	7.50e-67	248	46.06
Q8IYB7.4	XP_505385.1	29.948	581	365	13	264	821	512	1073	4.74e-66	245	47.33
Q8IYB7.4	XP_505385.1	45.946	74	37	2	45	116	301	373	3.29e-08	62.8	66.22
Q8IYB7.4	OBZ85465.1	30.017	593	365	13	235	807	313	875	5.18e-66	243	48.40
Q8IYB7.4	OBZ85465.1	34.831	89	55	1	44	132	185	270	2.98e-05	53.1	55.06
Q8IYB7.4	XP_452671.1	25.895	838	540	23	10	821	268	1050	2.44e-65	243	45.58
Q8IYB7.4	EIE86185.1	28.972	642	365	18	235	846	232	812	3.90e-63	233	47.82
Q8IYB7.4	EIE86185.1	34.444	90	59	0	41	130	101	190	2.37e-05	53.5	54.44
Q8IYB7.4	NP_010579.1	26.523	837	504	26	44	822	335	1118	9.63e-61	229	44.80
Q8IYB7.4	NP_982470.1	26.217	801	528	26	46	821	325	1087	3.87e-59	224	46.07
Q8IYB7.4	XP_462426.1	28.669	586	350	16	264	821	571	1116	7.03e-57	218	45.56
Q8IYB7.4	XP_462426.1	44.304	79	40	3	46	121	345	422	1.21e-07	61.2	62.03
Q8IYB7.4	BAC04542.1	34.772	417	242	9	232	633	331	732	1.67e-56	213	51.32
Q8IYB7.4	BAC04542.1	35.246	122	66	5	28	139	206	324	3.73e-08	62.4	58.20
Q8IYB7.4	EAW77758.1	34.772	417	242	9	232	633	331	732	1.75e-56	213	51.32
Q8IYB7.4	EAW77758.1	35.246	122	66	5	28	139	206	324	3.66e-08	62.4	58.20
Q8IYB7.4	ODV91698.1	26.980	808	493	24	44	821	295	1035	6.34e-56	214	43.44
Q8IYB7.4	KND98760.2	28.397	574	370	16	264	821	531	1079	1.64e-52	204	47.21
Q8IYB7.4	KND98760.2	45.000	80	40	3	46	122	310	388	2.68e-08	63.2	63.75
Q8IYB7.4	PIS50475.1	28.397	574	370	16	264	821	575	1123	1.72e-52	204	47.21
Q8IYB7.4	PIS50475.1	45.000	80	40	3	46	122	354	432	2.44e-08	63.2	63.75
Q8IYB7.4	QEL62934.1	28.397	574	370	16	264	821	575	1123	1.97e-52	204	47.21
Q8IYB7.4	QEL62934.1	45.000	80	40	3	46	122	354	432	2.62e-08	63.2	63.75
Q8IYB7.4	PSK78039.1	28.397	574	370	16	264	821	576	1124	1.97e-52	204	47.21
Q8IYB7.4	PSK78039.1	45.000	80	40	3	46	122	355	433	2.62e-08	63.2	63.75
Q8IYB7.4	XP_028889211.1	28.397	574	370	16	264	821	575	1123	2.80e-52	204	47.21
Q8IYB7.4	XP_028889211.1	45.000	80	40	3	46	122	354	432	2.66e-08	63.2	63.75
Q8IYB7.4	QEO24388.1	28.223	574	371	16	264	821	548	1096	6.13e-52	202	47.21
Q8IYB7.4	QEO24388.1	45.000	80	40	3	46	122	327	405	2.41e-08	63.2	63.75
Q8IYB7.4	GBL52369.1	28.223	574	371	16	264	821	575	1123	6.97e-52	202	47.21
Q8IYB7.4	GBL52369.1	45.000	80	40	3	46	122	354	432	2.49e-08	63.2	63.75
Q8IYB7.4	XP_001728646.1	29.947	571	348	18	264	820	407	939	2.13e-51	200	44.83
Q8IYB7.4	XP_001728646.1	33.010	103	66	2	24	123	188	290	1.77e-08	63.5	57.28
Q8IYB7.4	EPR79693.1	27.844	589	312	22	205	719	231	780	1.98e-50	197	46.18
Q8IYB7.4	EPB90552.1	25.276	633	396	14	233	824	412	1008	1.51e-49	194	44.55
Q8IYB7.4	XP_030830378.1	32.331	532	275	16	287	769	672	1167	2.20e-49	195	45.49
Q8IYB7.4	XP_030830757.1	30.727	550	292	16	287	785	2418	2929	2.40e-48	192	44.91
Q8IYB7.4	XP_030830758.1	30.727	550	292	16	287	785	2400	2911	2.69e-48	192	44.91
Q8IYB7.4	CDH60623.1	28.076	577	354	15	264	827	340	868	2.69e-48	190	45.75
Q8IYB7.4	CDH60623.1	27.174	92	63	2	25	116	169	256	0.49	39.3	52.17
Q8IYB7.4	CDH60622.1	28.076	577	354	15	264	827	347	875	2.72e-48	190	45.75
Q8IYB7.4	CDH60622.1	27.174	92	63	2	25	116	176	263	0.46	39.7	52.17
Q8IYB7.4	QEL58040.1	29.661	472	229	11	50	507	479	861	3.95e-48	189	44.28
Q8IYB7.4	XP_030836799.1	29.326	549	303	18	300	794	2141	2658	5.04e-48	191	44.99
Q8IYB7.4	O94525.1	25.312	802	510	20	45	820	287	1025	5.72e-48	190	41.02
Q8IYB7.4	XP_030836801.1	28.342	561	319	16	287	794	1958	2488	1.67e-46	186	44.56
Q8IYB7.4	XP_030836800.1	28.342	561	319	16	287	794	1959	2489	1.81e-46	186	44.56
Q8IYB7.4	EPB83809.1	33.718	347	198	7	228	563	272	597	3.40e-46	180	49.28
Q8IYB7.4	EPB83809.1	32.110	109	71	2	35	140	155	263	0.001	47.8	44.95
Q8IYB7.4	XP_030836798.1	28.651	541	300	17	300	786	2208	2716	1.58e-45	183	44.36
Q8IYB7.4	XP_002174298.2	24.814	806	507	24	45	820	277	1013	1.92e-43	176	40.82
Q8IYB7.4	XP_004356324.1	35.740	277	165	6	204	478	322	587	6.10e-42	167	54.15
Q8IYB7.4	XP_030834982.1	27.869	549	311	18	300	794	895	1412	5.97e-40	166	43.53
Q8IYB7.4	ORD94946.1	27.255	499	267	16	318	777	290	731	6.07e-39	160	44.69
Q8IYB7.4	XP_030838165.1	27.140	549	317	17	300	794	248	767	7.16e-39	161	43.17
Q8IYB7.4	XP_002173060.2	24.878	820	499	26	37	807	307	1058	5.84e-37	155	40.61
Q8IYB7.4	XP_004993265.1	33.443	305	185	4	264	558	611	907	4.42e-35	149	49.51
Q8IYB7.4	EIE80403.1	27.865	384	240	8	233	603	100	459	1.34e-34	143	45.83
Q8IYB7.4	EIE80403.1	33.962	53	35	0	64	116	3	55	16	34.3	58.49
Q8IYB7.4	QEL58041.1	35.081	248	149	7	560	801	1	242	1.71e-31	129	50.81
Q8IYB7.4	O74454.1	24.786	585	359	16	264	809	480	1022	1.08e-30	135	40.00
Q8IYB7.4	XP_004351761.1	30.982	326	190	7	300	594	883	1204	1.25e-26	122	47.85
Q8IYB7.4	XP_020430095.1	34.742	213	132	2	305	512	664	874	1.32e-26	122	54.46
Q8IYB7.4	XP_020430095.1	24.167	120	66	3	696	792	1125	1242	0.001	48.1	47.50
Q8IYB7.4	XP_003293188.1	36.667	210	123	4	300	502	789	995	1.39e-25	119	54.29
Q8IYB7.4	XP_003293188.1	23.936	188	106	5	696	860	1305	1478	0.079	42.0	40.43
Q8IYB7.4	XP_638051.1	34.286	210	128	3	300	502	915	1121	2.25e-24	115	53.33
Q8IYB7.4	XP_638051.1	23.129	147	88	4	696	818	1464	1609	0.037	43.1	42.18
Q8IYB7.4	EPB83808.1	35.242	227	127	7	586	796	1	223	7.13e-24	109	49.78
Q8IYB7.4	EIE82627.1	31.855	248	138	5	577	796	2	246	1.73e-23	108	48.39
Q8IYB7.4	XP_004356325.1	39.552	134	78	3	664	796	1	132	5.30e-18	89.7	55.97
Q8IYB7.4	EIJ88150.1	35.115	131	84	1	307	437	333	462	3.15e-15	84.3	53.44
Q8IYB7.4	NP_001032412.2	31.863	204	135	4	300	501	1264	1465	4.08e-15	85.5	49.51
Q8IYB7.4	NP_001032412.2	51.351	37	18	0	685	721	1657	1693	0.17	41.2	67.57
Q8IYB7.4	EAW75256.1	31.863	204	135	4	300	501	1264	1465	4.11e-15	85.5	49.51
Q8IYB7.4	EAW75256.1	51.351	37	18	0	685	721	1657	1693	0.16	41.2	67.57
Q8IYB7.4	EAW75255.1	31.863	204	135	4	300	501	695	896	4.21e-15	85.5	49.51
Q8IYB7.4	EAW75255.1	51.351	37	18	0	685	721	1088	1124	0.16	41.2	67.57
Q8IYB7.4	NP_208384.3	31.863	204	135	4	300	501	695	896	4.25e-15	85.5	49.51
Q8IYB7.4	NP_208384.3	51.351	37	18	0	685	721	1088	1124	0.16	41.2	67.57
Q8IYB7.4	AAI50284.1	31.863	204	135	4	300	501	695	896	4.32e-15	85.5	49.51
Q8IYB7.4	AAI50284.1	51.351	37	18	0	685	721	1088	1124	0.17	41.2	67.57
Q8IYB7.4	BAE46995.1	31.863	204	135	4	300	501	1264	1465	4.47e-15	85.5	49.51
Q8IYB7.4	BAE46995.1	51.351	37	18	0	685	721	1657	1693	0.17	41.2	67.57
Q8IYB7.4	XP_024307775.1	31.863	204	135	4	300	501	1264	1465	4.52e-15	85.5	49.51
Q8IYB7.4	XP_024307775.1	51.351	37	18	0	685	721	1657	1693	0.16	41.2	67.57
Q8IYB7.4	XP_024307774.1	31.863	204	135	4	300	501	1264	1465	4.88e-15	85.5	49.51
Q8IYB7.4	XP_024307774.1	51.351	37	18	0	685	721	1657	1693	0.17	41.2	67.57
Q8IYB7.4	EAW75257.1	31.863	204	135	4	300	501	1236	1437	5.09e-15	85.5	49.51
Q8IYB7.4	EAW75257.1	51.351	37	18	0	685	721	1629	1665	0.17	41.2	67.57
Q8IYB7.4	EIE92677.1	30.168	179	111	5	232	405	336	505	1.26e-14	82.8	48.60
Q8IYB7.4	XP_004363187.1	22.917	432	272	13	308	728	467	848	4.22e-14	82.0	38.43
Q8IYB7.4	XP_003295008.1	25.937	347	197	10	380	719	501	794	1.96e-13	79.7	42.07
Q8IYB7.4	XP_636708.1	29.680	219	141	6	372	587	535	743	2.94e-13	79.3	48.86
Q8IYB7.4	XP_636708.1	33.333	63	41	1	688	750	808	869	2.1	37.4	55.56
Q8IYB7.4	ORY49593.1	23.940	401	225	14	369	719	463	833	3.29e-13	79.0	42.39
Q8IYB7.4	XP_501851.1	24.615	390	207	13	380	751	524	844	1.01e-12	77.4	41.28
Q8IYB7.4	XP_016608472.1	23.721	430	268	17	371	759	498	908	1.35e-11	73.9	40.93
Q8IYB7.4	ODV90180.1	22.775	382	224	14	371	719	455	798	2.00e-11	73.2	42.41
Q8IYB7.4	XP_001791277.1	22.078	385	244	12	371	721	487	849	2.87e-11	72.8	41.30
Q8IYB7.4	XP_452479.1	26.509	381	212	17	363	719	522	858	5.27e-11	72.0	41.99
Q8IYB7.4	AAY24086.1	100.000	27	0	0	554	580	1	27	5.29e-11	63.5	100.00
Q8IYB7.4	XP_002836512.1	22.738	431	262	13	371	765	310	705	7.39e-11	71.2	39.44
Q8IYB7.4	XP_746777.1	27.083	192	127	4	369	549	546	735	7.47e-11	71.2	48.96
Q8IYB7.4	EPZ31805.1	21.266	395	250	13	371	760	307	645	7.59e-11	71.2	40.76
Q8IYB7.4	CRL27467.1	22.955	379	233	14	374	721	546	896	7.94e-11	71.2	41.95
Q8IYB7.4	XP_001240654.2	28.780	205	127	7	362	549	535	737	1.25e-10	70.9	49.27
Q8IYB7.4	QEU60060.1	26.509	381	212	18	363	719	522	858	8.02e-10	68.2	42.52
Q8IYB7.4	XP_020438727.1	20.561	321	232	7	304	623	723	1021	4.78e-09	65.9	41.74
Q8IYB7.4	XP_643697.1	21.978	364	220	12	373	715	549	869	5.20e-09	65.5	40.11
Q8IYB7.4	BAG58346.1	35.345	116	62	5	34	139	78	190	9.84e-09	62.0	59.48
Q8IYB7.4	KNE62248.1	24.828	435	239	16	337	719	388	786	1.11e-08	64.3	37.93
Q8IYB7.4	XP_004335106.1	31.319	182	100	5	345	524	423	581	2.09e-08	63.5	45.05
Q8IYB7.4	XP_004335106.1	50.000	32	16	0	688	719	815	846	0.89	38.5	68.75
Q8IYB7.4	XP_011326696.1	43.038	79	42	2	46	121	300	378	3.46e-08	62.8	62.03
Q8IYB7.4	EYB23789.1	43.038	79	42	2	46	121	418	496	3.75e-08	62.8	62.03
Q8IYB7.4	CEF83359.1	43.038	79	42	2	46	121	419	497	3.75e-08	62.8	62.03
Q8IYB7.4	XP_004358150.1	21.849	357	214	12	372	722	585	882	4.52e-08	62.4	40.34
Q8IYB7.4	XP_013237162.1	29.851	134	80	4	380	502	570	700	4.57e-08	62.4	53.73
Q8IYB7.4	XP_013237162.1	48.485	33	17	0	688	720	860	892	0.23	40.4	72.73
Q8IYB7.4	XP_009496108.1	26.772	254	128	7	405	601	746	998	6.04e-08	62.0	38.58
Q8IYB7.4	XP_009496108.1	55.000	40	17	1	681	719	1105	1144	7.29e-05	52.0	75.00
Q8IYB7.4	XP_009493865.1	23.111	450	252	17	373	775	267	669	2.26e-07	60.1	37.33
Q8IYB7.4	XP_021883680.1	32.394	142	86	4	369	501	555	695	2.36e-07	60.1	49.30
Q8IYB7.4	EIE82626.1	33.663	101	60	2	298	391	260	360	3.02e-07	58.5	46.53
Q8IYB7.4	OAQ27378.1	30.714	140	87	3	371	501	563	701	1.07e-06	57.8	47.86
Q8IYB7.4	CDH53807.1	23.457	486	284	21	369	795	419	875	1.71e-06	57.0	41.36
Q8IYB7.4	KNE63231.1	26.943	193	127	5	337	516	382	573	1.75e-06	57.0	46.11
Q8IYB7.4	XP_007331229.1	27.673	159	95	5	365	505	300	456	2.12e-06	57.0	45.91
Q8IYB7.4	XP_004336320.1	27.132	129	88	3	378	501	112	239	2.47e-06	55.8	51.16
Q8IYB7.4	EPB89435.1	21.481	405	230	15	369	719	413	783	9.20e-06	54.7	40.25
Q8IYB7.4	EIE89302.1	25.000	136	91	3	369	495	419	552	1.13e-05	54.3	52.94
Q8IYB7.4	EIE89302.1	39.344	61	26	2	696	750	765	820	8.0	35.4	52.46
Q8IYB7.4	EGN98857.1	28.058	139	90	3	371	501	378	514	2.74e-05	53.1	44.60
Q8IYB7.4	KHC88207.1	25.362	138	96	3	371	508	640	770	3.03e-05	53.1	51.45
Q8IYB7.4	KHC81876.1	26.087	115	82	2	371	485	640	751	3.27e-05	53.1	53.04
Q8IYB7.4	XP_020427727.1	23.656	279	162	6	520	791	658	892	3.50e-05	53.1	38.71
Q8IYB7.4	XP_714466.2	26.957	115	81	2	371	485	640	751	4.52e-05	52.8	53.04
Q8IYB7.4	XP_018284764.1	26.429	140	92	3	369	497	448	587	5.21e-05	52.4	50.00
Q8IYB7.4	PSK76679.1	30.075	133	80	4	684	803	946	1078	2.74e-04	50.1	46.62
Q8IYB7.4	QEO23798.1	30.075	133	80	4	684	803	946	1078	2.84e-04	50.1	46.62
Q8IYB7.4	XP_028888585.1	30.075	133	80	4	684	803	946	1078	3.04e-04	50.1	46.62
Q8IYB7.4	KND96565.2	30.075	133	80	4	684	803	946	1078	3.09e-04	50.1	46.62
Q8IYB7.4	QEL61657.1	30.556	144	79	6	684	818	727	858	4.90e-04	49.3	46.53
Q8IYB7.4	XP_001729502.1	26.772	127	88	3	379	501	401	526	0.009	45.1	48.03
Q8IYB7.4	XP_649963.1	22.222	189	129	5	354	539	202	375	0.073	42.0	41.27
Q8IYB7.4	EMH77170.1	22.222	189	129	5	354	539	202	375	0.078	41.6	41.27
Q8IYB7.4	XP_003888596.1	24.519	208	126	7	371	549	620	825	0.11	41.6	42.79
Q8IYB7.4	BAB84997.1	51.351	37	18	0	685	721	132	168	0.14	41.2	67.57
Q8IYB7.4	XP_001744173.1	38.298	47	29	0	50	96	167	213	0.21	39.3	59.57
Q8IYB7.4	OBZ83949.1	27.536	69	50	0	41	109	165	233	0.53	39.3	50.72
Q8IYB7.4	XP_003289559.1	29.670	91	61	2	379	466	490	580	0.77	38.9	48.35
Q8IYB7.4	XP_963921.3	51.613	31	15	0	689	719	886	916	0.99	38.5	74.19
Q8IYB7.4	XP_001743332.1	36.047	86	46	3	318	394	125	210	2.2	37.0	44.19
Q8IYB7.4	XP_001748796.1	60.870	23	9	0	92	114	290	312	5.6	35.4	91.30
Q8IYB7.4	ODV90247.1	41.176	51	29	1	669	719	611	660	8.0	35.4	50.98
Q8IYB7.4	XP_002493538.1	22.010	209	138	5	247	446	251	443	11	34.7	38.76
Q8IYB7.4	NP_001022344.2	34.483	58	38	0	460	517	121	178	17	34.3	46.55
Q8IYB7.4	CBF89241.1	33.333	63	32	2	558	620	400	452	40	33.1	46.03
Q8IYB7.4	XP_001743769.1	28.358	134	90	4	608	737	15	146	43	33.1	38.81
Q8IYB7.4	XP_001592578.1	28.395	81	56	1	621	699	522	602	49	32.7	43.21
Q8IYB7.4	XP_658159.1	33.333	63	32	2	558	620	729	781	50	32.7	46.03
Q8IYB7.4	XP_016612445.1	35.417	48	31	0	56	103	9	56	51	32.0	52.08
Q8IYB7.4	XP_007330006.1	29.412	102	51	4	3	96	174	262	51	32.3	42.16
Q8IYB7.4	SMY29342.1	37.931	29	18	0	135	163	38	66	84	30.0	68.97
# blastp
# Iteration: 0
# Query: O14040.1 RecName: Full=DIS3-like exonuclease 2 [Schizosaccharomyces pombe 972h-]
# RID: BBWCMDV1016
# Database: nr
# Fields: query acc.ver, subject acc.ver, % identity, alignment length, mismatches, gap opens, q. start, q. end, s. start, s. end, evalue, bit score, % positives
# 372 hits found
O14040.1	O14040.1	100.000	927	0	0	1	927	1	927	0.0	1810	100.00
O14040.1	4RO1_A	99.868	758	1	0	170	927	7	764	0.0	1533	100.00
O14040.1	XP_002175003.1	51.239	767	354	6	161	923	90	840	0.0	758	68.45
O14040.1	ORY85672.1	38.847	798	419	12	116	878	362	1125	2.05e-176	550	55.76
O14040.1	XP_016610762.1	40.915	721	395	10	170	868	554	1265	1.62e-163	520	59.64
O14040.1	ORY51419.1	40.055	729	392	11	171	865	357	1074	3.24e-156	497	57.89
O14040.1	EIE79534.1	39.031	743	375	19	179	870	339	1054	5.85e-142	456	56.66
O14040.1	OAQ31519.1	41.545	686	354	16	196	866	36	689	9.70e-142	447	58.16
O14040.1	EXX74607.1	45.065	537	278	8	335	868	691	1213	1.59e-140	457	62.57
O14040.1	EXX74608.1	45.065	537	278	8	335	868	683	1205	1.66e-140	457	62.57
O14040.1	OBZ90828.1	37.612	779	427	16	122	870	378	1127	9.44e-140	452	53.66
O14040.1	EPB92428.1	38.032	752	404	19	170	886	18	742	3.11e-139	440	55.19
O14040.1	XP_018297613.1	37.465	718	404	16	172	870	60	751	7.71e-138	437	56.96
O14040.1	XP_021880184.1	40.902	687	364	15	196	868	551	1209	1.60e-134	441	57.93
O14040.1	RIB17962.1	44.465	542	274	10	335	868	687	1209	3.33e-134	441	62.73
O14040.1	XP_007329347.1	36.612	732	411	14	172	866	387	1102	6.50e-134	437	56.28
O14040.1	XP_006676968.1	38.313	723	397	15	168	866	232	929	1.16e-132	429	55.33
O14040.1	NP_689596.4	35.934	782	382	20	172	866	46	795	1.51e-131	421	50.90
O14040.1	EXX74609.1	47.672	451	226	5	335	785	691	1131	4.58e-131	426	66.08
O14040.1	XP_011387156.1	39.001	741	396	20	162	866	532	1252	1.36e-130	431	55.87
O14040.1	CDH60523.1	40.690	580	324	9	297	870	572	1137	2.21e-130	427	57.93
O14040.1	XP_020435989.1	42.759	580	283	12	330	876	641	1204	1.57e-129	425	58.79
O14040.1	XP_020435989.1	33.333	69	44	2	172	238	358	426	0.013	44.7	56.52
O14040.1	EPB81809.1	36.856	738	410	16	168	868	102	820	1.78e-129	418	55.15
O14040.1	OBZ83463.1	37.429	708	415	14	171	868	107	796	1.42e-128	414	55.23
O14040.1	EAW70990.1	36.572	741	361	18	172	827	46	762	5.16e-128	410	51.42
O14040.1	XP_018293059.1	41.604	536	292	8	335	870	159	673	1.62e-127	405	61.38
O14040.1	KXN68223.1	38.231	701	366	17	189	866	574	1230	3.32e-126	419	54.07
O14040.1	OAQ23985.1	38.630	686	381	14	196	868	585	1243	2.80e-125	416	56.12
O14040.1	EGO01908.1	34.396	753	420	15	172	866	265	1001	2.84e-123	406	53.39
O14040.1	XP_641919.1	40.388	619	321	12	273	868	673	1266	1.67e-121	405	57.03
O14040.1	KNE54823.1	34.496	774	411	17	170	866	365	1119	3.53e-120	399	51.03
O14040.1	KNE56473.1	34.635	768	414	15	170	866	365	1115	2.94e-118	394	51.04
O14040.1	PIA17543.1	37.435	577	306	7	335	866	171	737	3.10e-117	382	54.07
O14040.1	XP_003324138.1	34.724	743	416	17	172	866	532	1253	2.23e-115	389	51.55
O14040.1	ORX85520.1	35.425	717	415	16	176	869	640	1331	1.09e-114	389	52.30
O14040.1	ORX85520.1	24.201	219	107	7	179	394	466	628	1.69e-07	60.8	44.75
O14040.1	ORX85520.1	25.333	225	109	9	172	390	245	416	1.7	37.7	39.56
O14040.1	XP_004367466.1	37.438	601	329	9	292	862	456	1039	2.06e-114	386	57.74
O14040.1	XP_004367466.1	41.429	70	35	3	172	237	175	242	1.98e-04	50.8	60.00
O14040.1	CDH55297.1	34.034	761	459	16	173	915	335	1070	3.24e-114	381	51.91
O14040.1	ORY56506.1	35.754	716	396	18	176	869	492	1165	4.36e-114	386	52.23
O14040.1	XP_001744174.1	37.801	582	333	9	293	862	9	573	5.60e-114	365	53.44
O14040.1	XP_003283598.1	36.589	727	381	20	242	927	604	1291	9.86e-114	383	53.09
O14040.1	XP_030837613.1	39.145	585	330	14	334	907	519	1088	1.05e-112	377	57.95
O14040.1	EIE87097.1	33.775	755	424	18	172	907	88	785	2.16e-112	370	52.05
O14040.1	XP_030842557.1	39.145	585	330	14	334	907	519	1088	4.23e-112	375	57.78
O14040.1	XP_004996901.1	36.721	610	346	13	332	916	425	1019	1.93e-111	371	55.57
O14040.1	ORY24922.1	34.949	681	380	15	217	869	4	649	2.36e-110	364	52.42
O14040.1	XP_012051195.1	32.353	748	423	17	172	866	817	1534	4.92e-110	376	50.94
O14040.1	XP_012050922.1	32.353	748	423	17	172	866	817	1534	9.38e-110	376	50.94
O14040.1	ORX43377.1	33.333	729	439	15	165	869	647	1352	6.57e-108	370	51.85
O14040.1	BAG58327.1	36.409	596	287	14	172	692	46	624	4.03e-104	342	51.34
O14040.1	NP_498160.2	34.349	722	424	18	173	866	62	761	9.34e-103	343	51.52
O14040.1	XP_018295507.1	33.380	707	419	16	189	870	26	705	2.76e-101	340	51.91
O14040.1	ORY27235.1	37.906	554	309	12	336	868	4	543	3.22e-99	332	57.04
O14040.1	XP_019027114.1	33.422	748	414	23	173	888	254	949	7.66e-99	336	50.27
O14040.1	NP_001309278.1	33.471	726	419	16	173	888	63	734	5.70e-98	329	50.55
O14040.1	AAH38101.1	33.471	726	419	16	173	888	63	734	6.00e-98	329	50.55
O14040.1	NP_001309277.1	33.471	726	419	16	173	888	102	773	1.47e-97	329	50.55
O14040.1	CDH58442.1	33.100	713	422	14	189	869	391	1080	1.77e-97	337	51.19
O14040.1	XP_004343707.2	34.691	614	324	12	312	866	569	1164	3.40e-97	337	50.49
O14040.1	CAH56266.1	33.203	765	437	19	173	924	225	928	5.31e-97	330	50.20
O14040.1	BAF92610.1	33.333	765	436	19	173	924	225	928	8.73e-97	330	50.20
O14040.1	NP_055768.3	33.203	765	437	19	173	924	225	928	8.82e-97	330	50.07
O14040.1	AAH56143.1	33.333	765	436	19	173	924	225	928	8.82e-97	330	50.20
O14040.1	AAL37479.1	33.203	765	437	19	173	924	225	928	9.76e-97	330	50.07
O14040.1	BAA76852.3	33.333	765	436	19	173	924	195	898	1.20e-96	329	50.20
O14040.1	NP_001121698.1	33.203	765	437	19	173	924	195	898	1.20e-96	329	50.07
O14040.1	QEO21715.1	32.600	773	450	18	165	910	232	960	1.28e-96	330	49.94
O14040.1	6H25_J	33.072	765	438	19	173	924	229	932	3.89e-96	328	50.07
O14040.1	XP_004996997.1	32.283	762	415	21	179	913	223	910	5.68e-96	330	48.03
O14040.1	XP_028891319.1	32.471	773	451	18	165	910	232	960	6.49e-96	328	49.94
O14040.1	PSK79288.1	32.471	773	451	18	165	910	232	960	7.03e-96	328	49.94
O14040.1	CAB45749.1	36.396	566	320	9	328	888	40	570	8.05e-96	319	53.71
O14040.1	OIR58338.1	35.531	622	342	14	260	866	238	815	9.29e-96	325	52.25
O14040.1	KNE71922.1	33.148	721	400	19	176	871	221	884	1.09e-95	327	48.96
O14040.1	PIS52301.1	32.471	773	451	18	165	910	232	960	1.65e-95	327	49.81
O14040.1	RIB08808.1	37.420	628	320	15	172	785	218	786	1.67e-95	324	51.27
O14040.1	6D6Q_K	32.941	765	439	19	173	924	227	930	1.74e-95	327	49.93
O14040.1	EAW80518.1	36.396	566	320	9	328	888	102	632	3.51e-95	319	53.71
O14040.1	KNE63777.1	32.787	732	410	17	167	871	212	888	3.80e-95	326	47.95
O14040.1	XP_001744179.1	31.258	739	429	16	174	892	213	892	9.84e-95	324	48.04
O14040.1	XP_503507.1	31.953	773	450	20	169	910	244	971	2.48e-94	324	49.55
O14040.1	CDH60378.1	32.283	762	417	21	168	902	211	900	8.24e-94	322	48.82
O14040.1	NP_984830.1	32.227	723	416	19	176	868	260	938	1.11e-93	322	49.79
O14040.1	OAQ29610.1	31.102	762	423	23	156	868	215	923	2.29e-93	324	48.82
O14040.1	XP_003290482.1	32.245	735	427	17	189	914	242	914	1.02e-92	320	49.80
O14040.1	XP_020435076.1	31.755	718	404	14	168	878	227	865	1.03e-92	319	48.75
O14040.1	KXN68087.1	32.078	717	392	18	176	866	226	873	1.98e-92	318	48.12
O14040.1	ODV96234.1	31.599	769	466	20	176	924	250	978	2.17e-92	318	48.89
O14040.1	RKP20466.1	34.828	580	336	10	298	869	230	775	2.29e-92	315	52.93
O14040.1	XP_963787.2	32.373	729	422	19	166	868	241	924	3.26e-92	318	49.79
O14040.1	AAK93574.1	31.912	727	415	16	176	879	232	901	6.99e-92	317	48.83
O14040.1	XP_016612102.1	31.614	756	433	19	176	907	217	912	7.50e-92	317	47.22
O14040.1	XP_451472.1	30.759	777	451	23	176	910	261	992	9.62e-92	317	49.42
O14040.1	EPZ33168.1	34.828	580	336	10	298	869	322	867	1.32e-91	315	52.93
O14040.1	XP_716298.1	30.675	815	473	22	131	900	211	978	1.42e-91	317	49.45
O14040.1	QEU58691.1	30.631	777	452	23	176	910	261	992	1.57e-91	317	49.42
O14040.1	XP_629050.1	30.769	728	423	16	161	869	215	880	2.44e-91	316	50.41
O14040.1	NP_001262910.1	31.774	727	416	16	176	879	232	901	2.77e-91	315	48.83
O14040.1	XP_461958.2	30.828	785	454	20	168	910	259	996	3.45e-91	316	47.52
O14040.1	CDH53421.1	32.168	715	429	16	189	870	416	1107	4.51e-91	319	50.35
O14040.1	EXX59222.1	32.745	736	422	18	172	888	219	900	4.78e-91	315	48.37
O14040.1	XP_002175127.1	31.901	768	441	21	156	891	226	943	5.43e-91	314	48.05
O14040.1	AFI71920.1	31.774	727	416	16	176	879	255	924	7.33e-91	315	48.83
O14040.1	XP_018288856.1	32.017	709	422	20	189	870	19	694	1.09e-90	311	51.62
O14040.1	ORY87156.1	32.218	717	418	20	173	870	233	900	1.41e-90	313	49.09
O14040.1	XP_751606.1	32.447	752	421	23	176	887	256	960	3.05e-90	313	47.87
O14040.1	EIE78579.1	31.405	726	420	21	189	869	389	1081	3.97e-90	317	51.10
O14040.1	EPB83540.1	30.929	721	424	20	189	870	305	990	9.75e-89	311	49.51
O14040.1	PIA16743.1	35.484	558	311	15	334	868	170	701	1.20e-88	306	53.94
O14040.1	AAT94466.1	33.236	686	406	15	203	861	320	980	1.53e-88	309	50.73
O14040.1	NP_014621.1	30.977	778	447	23	176	910	255	985	1.57e-88	308	48.07
O14040.1	NP_728490.1	33.236	686	406	15	203	861	320	980	1.67e-88	309	50.73
O14040.1	NP_612012.1	33.236	686	406	15	203	861	308	968	1.79e-88	308	50.73
O14040.1	XP_007334414.1	31.682	767	454	19	159	892	234	963	3.25e-88	307	46.41
O14040.1	XP_018291713.1	31.742	712	419	15	173	866	219	881	6.55e-88	306	49.16
O14040.1	4IFD_J	30.848	778	448	23	176	910	257	987	6.69e-88	306	48.07
O14040.1	ODQ71950.1	32.073	714	425	18	176	868	251	925	6.87e-88	306	48.18
O14040.1	5C0W_J	30.848	778	448	23	176	910	258	988	7.07e-88	306	48.07
O14040.1	5JEA_J	30.848	778	448	23	176	910	259	989	7.85e-88	306	48.07
O14040.1	5K36_K	30.848	778	448	23	176	910	257	987	7.93e-88	306	48.07
O14040.1	ORX84255.1	34.106	733	382	20	169	862	214	884	9.53e-88	306	48.02
O14040.1	AAH26166.1	35.753	551	262	14	172	647	46	579	1.36e-87	296	50.27
O14040.1	XP_001597366.1	32.500	720	418	20	174	868	256	932	1.48e-87	305	48.33
O14040.1	SMY20547.1	32.552	725	415	20	173	868	252	931	1.94e-87	305	48.28
O14040.1	XP_003307080.2	32.848	755	429	18	159	871	286	1004	2.02e-87	306	47.02
O14040.1	XP_002838419.1	31.486	740	399	21	159	866	225	888	2.09e-87	304	46.62
O14040.1	EAW70989.1	35.753	551	262	14	172	647	46	579	2.20e-87	296	50.27
O14040.1	ORY24609.1	32.647	729	386	18	169	862	214	872	3.15e-87	304	47.05
O14040.1	XP_006679077.1	32.436	706	425	15	172	867	217	880	5.59e-87	303	47.31
O14040.1	XP_001243197.1	32.153	734	421	20	175	868	255	951	6.01e-87	305	47.82
O14040.1	EAW70985.1	35.753	551	262	14	172	647	46	579	1.04e-86	295	50.27
O14040.1	P37202.1	31.763	743	404	23	158	866	231	904	1.13e-86	302	47.51
O14040.1	ODV92280.1	35.670	642	333	19	167	785	231	815	2.45e-86	299	49.69
O14040.1	OBZ88622.1	30.982	723	422	21	189	869	283	970	3.56e-86	303	50.21
O14040.1	XP_011390175.1	31.421	767	455	21	175	901	261	996	4.24e-86	301	46.94
O14040.1	OBZ91583.1	30.504	754	445	16	142	872	30	727	6.15e-86	298	46.55
O14040.1	CRL23579.1	31.003	758	423	25	176	887	257	960	6.63e-86	301	47.63
O14040.1	ORX43308.1	33.605	735	383	18	169	862	214	884	8.45e-86	300	48.16
O14040.1	CDH51568.1	30.299	736	433	17	167	872	228	913	8.78e-86	301	47.28
O14040.1	XP_661261.1	32.086	748	423	23	176	884	240	941	2.08e-85	300	48.13
O14040.1	ORX48176.1	31.594	709	377	18	179	841	111	757	2.84e-85	298	48.38
O14040.1	CDH57086.1	30.210	715	429	21	189	869	415	1093	3.23e-85	302	49.23
O14040.1	CDH57087.1	30.210	715	429	21	189	869	414	1092	3.60e-85	302	49.23
O14040.1	XP_001805194.1	32.280	728	423	20	167	868	259	942	3.86e-85	298	48.63
O14040.1	XP_012049211.1	31.176	757	459	18	165	892	247	970	7.10e-85	298	45.44
O14040.1	OBZ81863.1	30.882	680	396	19	189	831	371	1013	7.62e-85	301	51.91
O14040.1	PIA18366.1	31.491	778	433	15	164	911	227	934	8.16e-85	297	45.89
O14040.1	XP_004347431.1	30.522	747	436	16	176	872	250	963	8.19e-85	300	47.39
O14040.1	EPB91856.1	30.525	724	430	20	189	869	399	1092	8.38e-85	301	51.52
O14040.1	EEH08335.1	32.653	637	385	13	242	866	595	1199	9.43e-85	302	51.33
O14040.1	EIE84692.1	30.672	714	425	23	189	869	255	931	9.84e-85	299	50.56
O14040.1	XP_649075.1	29.635	712	421	13	164	862	197	841	1.05e-84	296	48.74
O14040.1	XP_021883468.1	30.628	764	444	18	143	866	172	889	1.56e-84	295	47.12
O14040.1	XP_021883488.1	30.718	752	428	22	159	868	222	922	1.86e-84	299	48.27
O14040.1	XP_001797133.1	29.335	767	440	19	172	866	443	1179	2.57e-84	301	48.50
O14040.1	CAC35051.1	30.907	728	422	17	176	879	232	902	2.89e-84	296	47.66
O14040.1	CDH59155.1	31.108	704	430	17	189	866	368	1042	3.16e-84	299	50.43
O14040.1	XP_002493284.1	31.523	755	430	22	176	904	231	924	3.57e-84	295	48.87
O14040.1	ORX81012.1	30.650	708	397	17	179	841	234	892	1.37e-83	295	49.29
O14040.1	NP_001310866.1	30.488	738	442	17	176	885	99	793	1.40e-83	293	47.56
O14040.1	OBZ89871.1	31.714	741	433	17	175	897	209	894	1.42e-83	293	48.58
O14040.1	BAB85541.1	30.488	738	442	17	176	885	118	812	1.62e-83	293	47.56
O14040.1	NP_001310867.1	30.488	738	442	17	176	885	91	785	1.66e-83	293	47.56
O14040.1	PCD22650.1	31.994	722	417	19	175	868	249	924	1.74e-83	294	49.17
O14040.1	XP_011316956.1	32.083	720	419	20	175	868	249	924	1.91e-83	293	49.17
O14040.1	EYB22133.1	31.994	722	417	19	175	868	249	924	2.21e-83	293	49.17
O14040.1	NP_001310865.1	30.488	738	442	17	176	885	142	836	4.23e-83	292	47.56
O14040.1	NP_001310877.1	30.488	738	442	17	176	885	165	859	6.01e-83	292	47.56
O14040.1	EPB82799.1	31.658	736	422	17	159	870	199	877	7.00e-83	292	47.42
O14040.1	NP_001310873.1	30.488	738	442	17	176	885	208	902	8.13e-83	293	47.56
O14040.1	NP_001137160.1	30.488	738	442	17	176	885	225	919	2.52e-82	291	47.56
O14040.1	OAQ32362.1	30.980	765	437	18	139	870	173	879	3.22e-82	290	48.10
O14040.1	XP_003293834.1	29.963	801	455	22	146	902	275	1013	6.06e-82	293	46.57
O14040.1	XP_030836972.1	31.905	630	362	14	162	781	219	791	8.05e-82	286	48.25
O14040.1	XP_009495003.1	31.241	717	442	16	176	870	186	873	8.17e-82	289	48.54
O14040.1	EEH07176.1	31.167	754	424	20	173	880	253	957	2.45e-81	288	46.55
O14040.1	ORY36765.1	29.864	807	432	23	179	914	234	977	3.32e-81	289	46.84
O14040.1	XP_018299381.1	30.399	727	456	18	170	866	571	1277	6.08e-81	291	50.07
O14040.1	NP_501835.2	29.815	758	454	17	142	870	182	890	1.17e-80	285	46.44
O14040.1	XP_020429451.1	29.595	740	442	18	176	872	287	990	1.21e-80	289	47.16
O14040.1	XP_005254203.1	32.962	628	358	14	176	781	225	811	2.77e-80	282	49.36
O14040.1	CRL22673.1	29.351	770	443	17	172	866	431	1174	6.39e-80	288	46.88
O14040.1	XP_647622.1	32.899	614	341	15	308	873	582	1172	7.09e-80	288	48.70
O14040.1	XP_001243079.2	31.571	643	383	13	242	866	571	1174	8.72e-80	288	49.61
O14040.1	XP_019020799.1	28.705	749	465	17	172	868	377	1108	1.32e-79	286	49.00
O14040.1	GAO51867.1	28.705	749	465	17	172	868	355	1086	3.43e-79	285	49.00
O14040.1	XP_001590366.1	33.212	548	322	12	335	866	636	1155	3.52e-79	286	52.74
O14040.1	XP_004367379.1	29.949	778	458	23	175	910	303	1035	4.10e-79	285	47.30
O14040.1	APA15448.1	33.212	548	322	12	335	866	681	1200	5.46e-79	285	52.74
O14040.1	XP_001732306.1	30.077	778	449	20	175	900	190	924	5.84e-79	280	44.34
O14040.1	XP_030832821.1	30.618	712	414	14	188	868	233	895	5.97e-79	282	47.75
O14040.1	XP_961563.2	33.211	545	326	11	335	866	637	1156	8.19e-79	285	51.93
O14040.1	EGN94814.1	30.679	766	451	20	165	892	240	963	1.33e-78	280	45.17
O14040.1	XP_002839150.1	28.895	751	446	19	172	866	433	1151	1.93e-78	283	47.14
O14040.1	ODQ70873.1	29.444	737	447	15	172	866	399	1104	1.15e-77	281	48.44
O14040.1	XP_018298524.1	30.070	715	394	18	179	872	168	797	1.18e-77	277	46.57
O14040.1	XP_752507.1	31.406	640	391	14	242	866	566	1172	2.81e-77	280	50.94
O14040.1	NP_001310869.1	33.837	529	330	10	374	885	24	549	2.00e-76	268	52.74
O14040.1	EIE90034.1	29.091	715	437	21	189	870	287	964	2.04e-76	276	49.51
O14040.1	SMY19906.1	31.972	563	345	11	317	866	641	1178	3.68e-75	274	52.58
O14040.1	XP_011326696.1	32.609	552	334	11	328	866	517	1043	3.80e-75	273	51.99
O14040.1	EYB23789.1	32.609	552	334	11	328	866	635	1161	5.85e-75	273	51.99
O14040.1	CEF83359.1	32.609	552	334	11	328	866	636	1162	5.87e-75	273	51.99
O14040.1	XP_658762.1	33.210	542	327	12	335	866	653	1169	7.99e-75	273	52.21
O14040.1	AAH14124.2	33.988	509	316	10	394	885	4	509	1.08e-74	262	53.63
O14040.1	EPB85527.1	30.410	707	417	26	194	866	2	667	2.62e-74	265	49.50
O14040.1	NP_001244210.1	36.268	477	215	12	172	576	46	505	7.22e-74	259	49.27
O14040.1	KJE93202.1	26.797	821	457	16	158	866	335	1123	2.42e-73	268	43.73
O14040.1	XP_004347849.2	26.797	821	457	16	158	866	345	1133	2.74e-73	268	43.73
O14040.1	NP_597581.1	31.259	723	373	24	176	866	165	795	3.17e-66	243	45.78
O14040.1	ORY48228.1	28.414	725	405	19	170	866	224	862	6.46e-65	241	43.45
O14040.1	BAC04542.1	32.090	536	302	13	176	689	225	720	2.01e-63	233	48.32
O14040.1	XP_004361707.1	46.479	284	138	6	308	583	656	933	2.33e-63	238	62.68
O14040.1	XP_004361707.1	31.780	236	112	9	727	924	953	1177	5.68e-21	104	49.15
O14040.1	XP_004361707.1	28.302	106	74	2	133	236	374	479	0.036	43.1	47.17
O14040.1	XP_505385.1	29.927	548	354	13	335	866	516	1049	3.90e-63	237	51.82
O14040.1	OBZ85465.1	27.137	737	457	22	161	866	176	863	1.36e-62	234	46.40
O14040.1	EAW77758.1	31.238	541	300	12	176	689	225	720	2.86e-62	229	47.69
O14040.1	EEQ82259.1	32.239	518	250	14	295	781	269	716	5.50e-62	231	48.84
O14040.1	QEL58040.1	36.758	438	219	11	165	583	468	866	2.61e-60	226	51.60
O14040.1	ORY78509.1	28.470	562	360	11	335	891	520	1044	4.35e-59	225	47.69
O14040.1	XP_001728646.1	26.928	791	486	25	126	868	172	918	4.04e-58	221	44.75
O14040.1	XP_013237712.1	31.694	549	321	16	175	694	276	799	1.26e-57	220	48.27
O14040.1	XP_013237712.1	33.333	138	83	4	730	862	875	1008	5.06e-12	75.5	54.35
O14040.1	EPB90552.1	26.471	748	462	21	168	868	273	979	4.30e-57	218	45.45
O14040.1	EIE86185.1	26.938	761	469	24	120	866	59	746	3.02e-55	211	46.12
O14040.1	EPB83809.1	30.815	503	273	13	149	629	143	592	1.61e-52	199	46.92
O14040.1	AAX82031.1	50.847	177	84	2	447	621	2	177	2.45e-52	185	69.49
O14040.1	ODV97345.1	28.495	558	361	13	328	866	631	1169	3.14e-52	204	49.64
O14040.1	XP_021877244.1	39.375	320	176	7	554	868	1	307	5.04e-50	188	57.19
O14040.1	EPR79693.1	28.305	643	318	21	219	786	207	781	1.73e-49	194	44.95
O14040.1	OBZ83949.1	26.916	535	345	12	335	866	348	839	2.94e-49	193	46.54
O14040.1	AOA66978.1	24.519	779	477	21	162	866	212	953	1.91e-48	192	44.03
O14040.1	XP_002491774.1	24.519	779	477	21	162	866	283	1024	2.08e-48	192	44.03
O14040.1	XP_004356324.1	32.419	401	220	11	158	544	220	583	4.99e-48	186	49.63
O14040.1	KND98760.2	27.140	549	355	13	335	866	535	1055	3.41e-47	188	49.36
O14040.1	QEL62934.1	27.140	549	355	13	335	866	579	1099	4.26e-47	188	49.36
O14040.1	PSK78039.1	27.140	549	355	13	335	866	580	1100	4.27e-47	188	49.36
O14040.1	PIS50475.1	27.140	549	355	13	335	866	579	1099	4.34e-47	188	49.36
O14040.1	XP_028889211.1	27.140	549	355	13	335	866	579	1099	4.70e-47	187	49.36
O14040.1	QEO24388.1	27.140	549	355	13	335	866	552	1072	5.03e-47	187	49.36
O14040.1	GBL52369.1	27.140	549	355	13	335	866	579	1099	5.96e-47	187	49.36
O14040.1	XP_462426.1	26.481	540	367	11	335	866	575	1092	4.30e-46	185	47.78
O14040.1	CDH60622.1	24.413	766	461	24	165	893	187	871	1.06e-45	182	41.64
O14040.1	CDH60623.1	24.413	766	461	24	165	893	180	864	1.07e-45	182	41.64
O14040.1	NP_010579.1	26.746	587	381	13	295	866	541	1093	2.85e-45	182	47.02
O14040.1	XP_721868.2	25.974	539	369	11	335	866	564	1079	4.22e-45	181	48.61
O14040.1	KHC85556.1	25.974	539	369	11	335	866	565	1080	4.46e-45	181	48.61
O14040.1	ODV91698.1	25.265	756	463	24	172	866	297	1011	2.97e-43	176	43.12
O14040.1	XP_452671.1	27.194	581	382	13	295	866	478	1026	5.54e-43	175	46.47
O14040.1	QEU59880.1	27.069	580	384	12	295	866	478	1026	5.79e-43	175	45.69
O14040.1	XP_004993265.1	35.599	309	173	6	334	629	614	909	1.46e-42	172	52.43
O14040.1	NP_982470.1	26.510	596	369	17	295	866	513	1063	2.17e-42	173	44.13
O14040.1	XP_030836800.1	34.639	332	188	8	368	691	1969	2279	3.70e-42	173	51.51
O14040.1	XP_030836800.1	36.364	77	49	0	735	811	2365	2441	7.27e-07	58.9	53.25
O14040.1	XP_030836801.1	34.639	332	188	8	368	691	1968	2278	3.80e-42	173	51.51
O14040.1	XP_030836801.1	36.364	77	49	0	735	811	2364	2440	7.33e-07	58.9	53.25
O14040.1	XP_030836799.1	33.832	334	188	8	368	691	2138	2448	3.50e-40	167	50.00
O14040.1	XP_030836799.1	27.179	195	124	4	720	914	2519	2695	1.86e-08	63.9	43.59
O14040.1	XP_030834982.1	33.131	329	193	7	370	691	894	1202	1.27e-39	165	49.85
O14040.1	XP_030834982.1	33.766	77	51	0	735	811	1288	1364	3.52e-05	53.1	50.65
O14040.1	EIE80403.1	28.017	464	291	9	211	666	26	454	1.44e-39	157	45.47
O14040.1	XP_030836798.1	33.731	335	187	9	368	691	2205	2515	3.58e-39	164	49.85
O14040.1	XP_030836798.1	35.065	77	50	0	735	811	2601	2677	2.30e-06	57.0	54.55
O14040.1	ORD94946.1	32.857	350	177	8	443	786	354	651	8.87e-39	160	48.00
O14040.1	XP_030830757.1	30.000	480	272	16	226	689	2299	2730	6.25e-38	159	48.96
O14040.1	XP_030830757.1	30.928	97	67	0	733	829	2813	2909	2.92e-07	60.1	54.64
O14040.1	XP_030830758.1	30.000	480	272	16	226	689	2281	2712	6.81e-38	159	48.96
O14040.1	XP_030830758.1	30.928	97	67	0	733	829	2795	2891	3.15e-07	60.1	54.64
O14040.1	O94525.1	24.156	770	470	25	167	868	281	1004	7.46e-36	152	40.91
O14040.1	XP_030830378.1	30.369	461	253	14	257	689	564	984	9.01e-36	152	47.29
O14040.1	XP_030830378.1	30.928	97	67	0	733	829	1067	1163	1.85e-07	60.5	54.64
O14040.1	XP_030838165.1	32.344	337	191	10	368	691	245	557	1.42e-35	151	50.45
O14040.1	XP_030838165.1	33.766	77	51	0	735	811	643	719	4.13e-05	52.8	50.65
O14040.1	XP_002174298.2	24.870	768	483	23	159	868	261	992	1.28e-32	142	39.45
O14040.1	XP_002173060.2	24.463	838	466	30	160	903	306	1070	5.83e-31	136	39.14
O14040.1	XP_004351761.1	30.938	320	185	7	376	662	888	1204	4.94e-30	134	48.75
O14040.1	XP_020430095.1	25.767	489	280	10	376	785	664	1148	1.12e-29	132	42.33
O14040.1	EIJ88150.1	32.468	231	145	3	281	511	247	466	2.50e-29	127	55.41
O14040.1	AAI50284.1	24.444	630	394	18	251	827	564	1164	7.77e-29	130	40.79
O14040.1	EAW75255.1	24.444	630	394	18	251	827	564	1164	7.97e-29	130	40.79
O14040.1	NP_208384.3	24.444	630	394	18	251	827	564	1164	8.47e-29	130	40.79
O14040.1	XP_024307775.1	24.444	630	394	18	251	827	1133	1733	2.19e-28	129	40.79
O14040.1	BAE46995.1	24.444	630	394	18	251	827	1133	1733	2.24e-28	129	40.79
O14040.1	XP_024307774.1	24.444	630	394	18	251	827	1133	1733	2.24e-28	129	40.79
O14040.1	EAW75256.1	24.444	630	394	18	251	827	1133	1733	2.46e-28	129	40.79
O14040.1	O74454.1	23.623	690	420	20	170	787	281	935	2.61e-28	128	39.86
O14040.1	NP_001032412.2	24.444	630	394	18	251	827	1133	1733	2.70e-28	128	40.79
O14040.1	EAW75257.1	24.444	630	394	18	251	827	1105	1705	2.74e-28	128	40.79
O14040.1	BAC03400.1	39.153	189	98	4	649	827	30	211	4.06e-27	116	55.03
O14040.1	XP_638051.1	35.610	205	122	5	376	573	920	1121	9.43e-26	120	57.07
O14040.1	XP_638051.1	60.000	25	10	0	761	785	1463	1487	1.7	37.7	72.00
O14040.1	XP_003293188.1	35.122	205	123	4	376	573	794	995	1.48e-24	116	55.61
O14040.1	XP_003293188.1	29.333	75	47	2	761	835	1304	1372	0.41	39.7	54.67
O14040.1	QEL58041.1	26.354	277	191	5	635	906	8	276	1.23e-22	103	45.49
O14040.1	XP_009496108.1	27.525	396	197	12	475	781	746	1140	6.71e-20	101	41.67
O14040.1	EAW70986.1	36.242	149	76	4	725	866	43	179	2.32e-19	94.7	53.02
O14040.1	EIE92677.1	28.213	319	184	10	173	475	216	505	6.53e-19	96.3	42.32
O14040.1	EAW70987.1	35.507	138	74	3	734	866	4	131	1.16e-17	86.7	51.45
O14040.1	EPB83808.1	27.706	231	152	4	654	872	1	228	1.37e-17	90.5	47.62
O14040.1	XP_004363187.1	23.991	446	286	16	161	581	250	667	2.44e-17	92.8	43.05
O14040.1	EIE82627.1	28.916	249	149	6	649	872	6	251	1.37e-16	87.8	47.39
O14040.1	ODV90180.1	24.390	492	264	22	441	875	455	895	1.53e-14	83.6	42.07
O14040.1	XP_636708.1	28.372	215	147	4	442	655	535	743	3.10e-14	82.4	48.84
O14040.1	XP_636708.1	58.824	34	14	0	754	787	808	841	0.004	46.2	79.41
O14040.1	XP_004356325.1	31.126	151	92	5	730	877	1	142	1.51e-13	76.6	51.66
O14040.1	ORY49593.1	24.747	396	222	14	440	785	464	833	1.88e-12	76.6	40.40
O14040.1	XP_003295008.1	30.180	222	142	6	451	668	502	714	1.04e-11	74.3	48.65
O14040.1	EPZ31805.1	21.281	437	279	10	441	862	307	693	8.12e-11	71.2	39.36
O14040.1	NP_014014.1	24.868	378	206	15	441	786	522	853	1.06e-10	70.9	39.15
O14040.1	XP_643697.1	24.786	351	222	16	443	781	549	869	2.26e-10	70.1	44.73
O14040.1	XP_020438727.1	26.425	193	134	5	376	565	724	911	3.23e-10	69.7	45.60
O14040.1	XP_746777.1	27.179	195	126	5	441	622	548	739	3.49e-10	69.3	49.74
O14040.1	XP_004335106.1	30.189	159	89	3	415	572	422	559	8.86e-10	67.8	45.91
O14040.1	XP_004358150.1	21.671	383	245	11	450	829	593	923	1.16e-09	67.8	39.95
O14040.1	EIE82626.1	32.927	164	87	6	308	461	210	360	1.16e-09	66.2	48.17
O14040.1	QEU60060.1	24.528	371	211	14	441	786	533	859	2.19e-09	66.6	39.08
O14040.1	OAQ27378.1	21.739	414	221	12	441	787	563	940	2.95e-09	66.2	35.75
O14040.1	XP_452479.1	24.457	368	215	14	441	786	533	859	3.67e-09	65.9	39.13
O14040.1	ODV95531.1	22.353	425	252	15	443	829	573	957	4.85e-09	65.5	39.06
O14040.1	XP_006681563.1	27.326	172	98	4	377	547	332	477	7.83e-09	64.7	43.02
O14040.1	EXX59302.1	23.153	406	205	17	441	787	491	848	2.80e-08	63.2	40.15
O14040.1	XP_018284764.1	31.618	136	81	3	441	565	450	584	6.78e-08	62.0	49.26
O14040.1	KNE62248.1	24.213	413	220	16	441	798	424	798	1.24e-07	60.8	35.84
O14040.1	XP_714466.2	30.693	101	69	1	441	541	640	739	2.66e-07	60.1	54.46
O14040.1	XP_016608472.1	34.286	105	66	2	441	545	498	599	3.62e-07	59.3	49.52
O14040.1	KHC88207.1	29.703	101	70	1	441	541	640	739	3.80e-07	59.3	54.46
O14040.1	KHC81876.1	29.703	101	70	1	441	541	640	739	4.03e-07	59.3	54.46
O14040.1	ORY79507.1	25.338	296	162	13	441	685	405	692	6.60e-07	58.5	41.22
O14040.1	KNE63231.1	36.522	115	61	4	441	545	418	530	7.95e-07	58.2	52.17
O14040.1	XP_021883680.1	20.347	403	233	10	441	785	557	929	1.29e-06	57.8	35.98
O14040.1	QEO23798.1	22.938	497	289	18	441	882	617	1074	1.99e-06	57.0	38.43
O14040.1	CRL27467.1	22.973	370	240	10	441	786	547	895	2.20e-06	57.0	38.11
O14040.1	XP_004336320.1	28.906	128	86	2	449	572	113	239	3.88e-06	55.5	46.88
O14040.1	EEH10906.1	32.653	98	64	1	441	536	556	653	4.84e-06	55.8	48.98
O14040.1	NP_001244211.1	39.130	69	40	1	172	238	46	114	8.76e-06	53.1	57.97
O14040.1	EPB89435.1	20.211	475	317	17	441	867	415	875	9.29e-06	54.7	41.47
O14040.1	XP_001729502.1	35.366	82	52	1	435	515	387	468	1.06e-05	54.7	57.32
O14040.1	CDH53807.1	23.423	222	140	4	440	631	420	641	1.43e-05	54.3	40.09
O14040.1	XP_013237162.1	28.777	139	84	5	446	573	566	700	1.50e-05	54.3	51.08
O14040.1	EIE89302.1	31.532	111	69	2	441	544	421	531	2.02e-05	53.9	47.75
O14040.1	EIE89302.1	28.125	64	46	0	760	823	763	826	0.91	38.5	51.56
O14040.1	XP_963921.3	35.238	105	65	2	441	544	561	663	6.42e-05	52.4	46.67
O14040.1	CBF82444.1	25.258	194	124	7	441	619	553	740	7.13e-05	52.0	47.94
O14040.1	XP_001791277.1	33.019	106	67	2	441	544	487	590	8.20e-05	52.0	48.11
O14040.1	PSK76679.1	22.736	497	290	19	441	882	617	1074	9.17e-05	51.6	38.23
O14040.1	XP_682420.1	25.258	194	124	7	441	619	621	808	9.49e-05	51.6	47.94
O14040.1	KND96565.2	22.736	497	290	19	441	882	617	1074	9.98e-05	51.6	38.23
O14040.1	XP_020427727.1	38.462	65	40	0	754	818	786	850	1.96e-04	50.4	53.85
O14040.1	NP_985995.2	20.961	458	274	17	427	850	471	874	2.64e-04	50.1	35.81
O14040.1	EGN98857.1	33.981	103	63	4	424	522	361	462	4.18e-04	49.3	50.49
O14040.1	XP_003888596.1	22.727	418	218	15	441	785	620	1005	0.007	45.4	35.41
O14040.1	XP_009493865.1	29.907	107	70	3	443	544	267	373	0.009	45.1	49.53
O14040.1	XP_011390532.1	39.130	69	39	2	449	515	656	723	0.018	44.3	56.52
O14040.1	XP_655032.1	28.777	139	85	4	441	574	213	342	0.052	42.4	45.32
O14040.1	BAG58346.1	31.250	80	43	3	176	244	91	169	0.23	39.7	50.00
O14040.1	XP_003289559.1	29.348	92	60	3	449	536	490	580	1.00	38.5	46.74
O14040.1	NP_508584.3	28.947	76	35	3	725	792	110	174	1.0	37.4	43.42
O14040.1	XP_001748796.1	31.765	85	48	3	162	238	230	312	2.0	37.0	48.24
O14040.1	QEL61657.1	44.118	34	19	0	754	787	732	765	2.2	37.4	61.76
O14040.1	XP_028888585.1	29.197	137	76	5	754	882	951	1074	2.6	37.0	42.34
O14040.1	XP_021882026.1	32.857	70	43	2	387	456	239	304	23	33.9	50.00
O14040.1	SCB64208.1	38.235	34	21	0	754	787	853	886	34	33.5	64.71
O14040.1	EYB23889.1	38.235	34	21	0	754	787	853	886	34	33.5	64.71
O14040.1	XP_502809.1	27.551	98	50	2	174	251	240	336	34	33.1	40.82
O14040.1	XP_011317028.1	38.235	34	21	0	754	787	823	856	35	33.5	64.71
O14040.1	CZS76620.1	38.235	34	21	0	754	787	823	856	36	33.5	64.71
O14040.1	CAH10694.1	31.343	67	44	1	217	283	23	87	48	32.3	47.76
O14040.1	ORY29040.1	35.000	60	36	2	561	619	7	64	93	32.0	50.00


